#%modelname
#Red, Green, Blue, Alpha, OffsetX, OffsetY, OffsetZ, CustomSize, BlinkType, NoDistance, DrawSearchlight
#0.45 - custom size reserved for traffic lights

%verticalift_bridge
229 000 011 255 -88.622803 -23.071100 -19.583599 1.00 02 0 0
229 000 011 255 -88.622803 21.3754005 -19.583599 1.00 02 0 0
%nbbridgfk2
255 255 255 255 41.3311005 -19.680000 -11.120800 1.20 00 0 0
255 255 255 255 47.7551994 26.9757996 -16.747801 1.20 00 0 0
255 255 255 255 23.0049000 27.0848007 -10.055000 1.20 00 0 0
255 255 255 255 1.66735995 27.2544994 -1.9666200 1.20 00 0 0
255 255 255 255 -18.429001 27.2546005 8.66388988 1.20 00 0 0
255 255 255 255 -41.887299 26.8202000 24.6156998 1.20 00 0 0
255 255 255 255 -64.787498 27.1455002 41.8908997 1.20 00 0 0
255 255 255 255 -85.699600 26.9757996 57.4836998 1.20 00 0 0
255 255 255 255 -87.385803 -18.728701 61.7480011 1.20 00 0 0
255 255 255 255 -65.502296 -18.698200 44.7254982 1.20 00 0 0
255 255 255 255 -42.594398 -18.677000 27.6459007 1.20 00 0 0
255 255 255 255 -18.857500 -18.728701 13.3583002 1.20 00 0 0
255 255 255 255 0.38891599 -18.700800 2.43625998 1.20 00 0 0
255 255 255 255 22.7061005 -19.109100 -6.7273898 1.20 00 0 0
%nbbridgcabls01
255 255 255 255 -73.672501 -15.518400 72.0709991 1.20 00 0 0
255 255 255 255 -73.672501 27.3145008 73.4045029 1.20 00 0 0
255 255 255 255 -52.015301 27.4619999 47.6791992 1.20 00 0 0
255 255 255 255 -28.943399 -16.082701 26.3463993 1.20 00 0 0
255 255 255 255 -51.831100 -15.740500 45.9407997 1.20 00 0 0
255 255 255 255 -27.949800 27.6110001 26.0594006 1.20 00 0 0
255 255 255 255 -6.2310801 27.6907005 11.2681999 1.20 00 0 0
255 255 255 255 -6.2310801 -16.003000 10.7398996 1.20 00 0 0
255 255 255 255 16.3059006 27.4034004 -1.2695301 1.20 00 0 0
255 255 255 255 16.1061001 -16.108601 -1.7897700 1.20 00 0 0
255 255 255 255 40.1253014 27.0741997 -10.427200 1.20 00 0 0
255 255 255 255 40.1253014 -15.860200 -10.930000 1.20 00 0 0
255 255 255 255 65.1762009 27.5125999 -18.222500 1.20 00 0 0
255 255 255 255 64.9944000 -16.108601 -18.867201 1.20 00 0 0
%bvbridgspprt01
255 255 255 255 7.76647997 -31.333500 58.1041985 1.00 00 0 0
255 255 255 255 7.76647997 30.2817001 58.1041985 1.00 00 0 0
%nbbridgerdb
255 255 255 255 66.3470001 -5.3626099 0.15081400 1.00 00 0 0
255 255 255 255 66.3920975 5.78954983 0.17227601 1.00 00 0 0
255 255 255 255 47.5108986 5.77704000 0.94689202 1.00 00 0 0
255 255 255 255 30.3181992 5.77637005 1.50671995 1.00 00 0 0
255 255 255 255 14.2150002 5.83599997 2.14049006 1.00 00 0 0
255 255 255 255 -4.3818998 5.81079006 2.71757007 1.00 00 0 0
255 255 255 255 -20.745501 5.95843983 2.95945001 1.00 00 0 0
255 255 255 255 -36.772900 5.93181992 3.11312008 1.00 00 0 0
255 255 255 255 -54.864899 5.91119003 3.38060999 1.00 00 0 0
255 255 255 255 -20.926800 -5.3649302 2.80239010 1.00 00 0 0
255 255 255 255 47.4534988 -5.4235201 0.77223998 1.00 00 0 0
255 255 255 255 -54.806801 -5.4159498 3.34892988 1.00 00 0 0
255 255 255 255 -36.861099 -5.4558702 3.06379008 1.00 00 0 0
255 255 255 255 30.3430004 -5.3576002 1.50568998 1.00 00 0 0
255 255 255 255 -4.5203199 -5.3121300 2.38861990 1.00 00 0 0
255 255 255 255 14.1075001 -5.3371000 1.97040999 1.00 00 0 0
255 255 255 255 -77.286201 5.89410019 3.46150994 1.00 00 0 0
255 255 255 255 81.7770004 5.83483982 -0.4368670 1.00 00 0 0
255 255 255 255 -77.174599 -5.4459200 3.50351000 1.00 00 0 0
255 255 255 255 81.6969986 -5.2963300 -0.5752750 1.00 00 0 0
255 255 255 255 47.6258011 14.6021004 0.89252502 1.00 00 0 0
255 255 255 255 66.3663025 25.8682003 0.27393001 1.00 00 0 0
255 255 255 255 47.6834984 25.8556995 1.02113998 1.00 00 0 0
255 255 255 255 30.5358009 25.8549995 1.54285002 1.00 00 0 0
255 255 255 255 14.0750999 25.8484993 1.93692994 1.00 00 0 0
255 255 255 255 -36.847301 14.5930004 3.05151010 1.00 00 0 0
255 255 255 255 30.4349003 14.7517004 1.47952998 1.00 00 0 0
255 255 255 255 -4.5111699 14.7039003 2.41408992 1.00 00 0 0
255 255 255 255 -20.851601 14.7406998 2.90427995 1.00 00 0 0
255 255 255 255 66.4372025 14.6555996 0.32295999 1.00 00 0 0
255 255 255 255 -54.881001 14.6582003 3.28965998 1.00 00 0 0
255 255 255 255 81.7808990 25.9134998 -0.3487890 1.00 00 0 0
255 255 255 255 81.8638000 14.6609001 -0.3042640 1.00 00 0 0
255 255 255 255 14.0618000 14.6955996 2.03889990 1.00 00 0 0
255 255 255 255 -54.871101 25.8752003 3.30006003 1.00 00 0 0
255 255 255 255 -4.4997602 25.8894005 2.44355989 1.00 00 0 0
255 255 255 255 251.042007 -14.599800 3.53053999 1.00 00 0 0
255 255 255 255 -36.793301 25.9449005 3.05762005 1.00 00 0 0
255 255 255 255 250.988998 -5.9444599 3.63057995 1.00 00 0 0
255 255 255 255 -20.830900 25.8502998 2.84171009 1.00 00 0 0
255 255 255 255 -77.285400 14.7002001 3.38691998 1.00 00 0 0
255 255 255 255 -77.226601 25.8752003 3.44964004 1.00 00 0 0
%tunl_4
255 255 255 255 40.5688019 -8.9040499 2.24676991 1.00 00 0 0
255 255 255 255 8.26311970 -8.9720001 2.10631990 1.00 00 0 0
255 255 255 255 -23.453800 -9.0209703 2.00513005 1.00 00 0 0
255 255 255 255 -7.8106098 8.98900032 2.07125998 1.00 00 0 0
255 255 255 255 -40.331501 8.95184040 2.14804006 1.00 00 0 0
255 255 255 255 24.2021999 8.94452000 2.16314006 1.00 00 0 0
%tunl_bend
255 255 255 255 -39.332500 -7.6195998 2.19921994 1.00 00 0 0
255 255 255 255 -10.524100 11.6349001 2.16764998 1.00 00 0 0
255 255 255 255 21.9578991 22.6385994 2.21236992 1.00 00 0 0
255 255 255 255 -15.308200 -11.661600 2.22270989 1.00 00 0 0
255 255 255 255 11.5621004 1.47907996 2.27424002 1.00 00 0 0
255 255 255 255 40.5215988 7.11563015 2.19579005 1.00 00 0 0
%tunl_T4
255 255 255 255 -7.7424002 10.6070995 2.20695996 1.00 00 0 0
255 255 255 255 24.5918999 10.6175003 2.18530011 1.00 00 0 0
255 255 255 255 -40.102200 10.6163998 2.18760991 1.00 00 0 0
255 255 255 255 40.7117996 -7.2352300 2.21592999 1.00 00 0 0
255 255 255 255 -23.789600 -7.2520800 2.18112993 1.00 00 0 0
%tunl_t2
255 255 255 255 -24.079800 -7.2087598 2.27066994 1.00 00 0 0
255 255 255 255 -7.5887499 10.6560001 2.10580993 1.00 00 0 0
255 255 255 255 24.1942997 10.6606998 2.09610009 1.00 00 0 0
255 255 255 255 40.3945999 -7.3280301 2.02411008 1.00 00 0 0
255 255 255 255 -40.129002 10.5400000 2.34555006 1.00 00 0 0
%tunl_2
255 255 255 255 33.2514992 3.91675997 2.32704997 1.00 00 0 0
255 255 255 255 32.9892006 -3.9766800 2.13070989 1.00 00 0 0
255 255 255 255 10.4335003 3.97960997 2.12111998 1.00 00 0 0
255 255 255 255 10.5255003 -3.8871200 2.42418003 1.00 00 0 0
255 255 255 255 -12.485600 3.94428992 2.23687005 1.00 00 0 0
255 255 255 255 -10.362200 -4.0234399 1.97754002 1.00 00 0 0
255 255 255 255 -33.931801 -3.9234900 2.30500007 1.00 00 0 0
255 255 255 255 -33.201401 3.96450996 2.17059994 1.00 00 0 0
%tunl_2_bend
255 255 255 255 32.0680008 -7.1686401 2.28105998 1.00 00 0 0
255 255 255 255 9.21271038 -1.3725400 2.12177992 1.00 00 0 0
255 255 255 255 27.5785007 -13.766900 1.98705995 1.00 00 0 0
255 255 255 255 -10.613300 6.97420979 2.40166998 1.00 00 0 0
255 255 255 255 -9.1168804 14.6342001 2.46977997 1.00 00 0 0
255 255 255 255 12.6033001 5.76765013 2.32117009 1.00 00 0 0
255 255 255 255 -32.181400 19.1131992 2.43371010 1.00 00 0 0
255 255 255 255 -32.231098 11.2652998 2.27255988 1.00 00 0 0
%tunl_4_Cus1
255 255 255 255 -17.197500 -16.472799 6.35940981 1.00 00 0 0
255 255 255 255 19.9188995 -7.1321702 1.80745995 1.00 00 0 0
255 255 255 255 -4.5566301 2.65068007 4.21798992 1.00 00 0 0
255 255 255 255 26.4276009 13.1398001 -0.8056900 1.00 00 0 0
255 255 255 255 -40.362900 -1.6897000 8.56394958 1.00 00 0 0
255 255 255 255 51.8665009 7.27694988 -3.5340199 1.00 00 0 0
%tunl_4_Cus2
255 255 255 255 14.3570004 -2.5606699 -0.6549340 1.00 00 0 0
255 255 255 255 37.3133011 19.7728004 -2.3457999 1.00 00 0 0
255 255 255 255 -9.8615599 -0.2629090 1.10974002 1.00 00 0 0
255 255 255 255 -10.438800 -23.446699 3.25404000 1.00 00 0 0
255 255 255 255 13.8718004 21.6828995 -2.0045600 1.00 00 0 0
255 255 255 255 -34.958599 -19.718201 5.87349987 1.00 00 0 0
%tunl_4_Cus3
255 255 255 255 -11.900500 0.87303197 0.35413700 1.00 00 0 0
255 255 255 255 -34.715698 -21.996401 -2.8025701 1.00 00 0 0
255 255 255 255 10.9287996 23.5620003 5.44195986 1.00 00 0 0
255 255 255 255 34.8692017 22.3253994 7.01091003 1.00 00 0 0
255 255 255 255 12.5059996 -0.1385190 3.19720006 1.00 00 0 0
255 255 255 255 -10.538000 -23.165400 -1.5224299 1.00 00 0 0
%tunl_4_Cus4
255 255 255 255 3.45324993 -13.554700 2.10254002 1.00 00 0 0
255 255 255 255 18.2175007 11.6292000 2.13972998 1.00 00 0 0
255 255 255 255 -5.8921099 8.61396980 2.23609996 1.00 00 0 0
%sbwy_tunl_start
255 255 255 255 -3.3860500 -19.154900 -1.2179700 1.00 00 0 0
255 000 000 255 -0.1342160 -6.1061401 -1.6926200 1.00 00 0 0
255 000 000 255 -0.1342160 -6.1061401 -1.9177400 1.00 00 0 0
255 255 255 255 -0.8681030 24.2085991 -1.2179700 1.00 00 0 0
255 000 000 255 1.15265000 37.0600014 -1.6926200 1.00 00 0 0
255 000 000 255 1.15265000 37.0600014 -1.9177400 1.00 00 0 0
%sbwy_tunl_bit
255 255 255 255 4.33925009 0.04928130 1.01745999 1.00 00 0 0
255 255 255 255 4.79175997 -19.888800 0.77231300 1.00 00 0 0
255 255 255 255 4.38685989 20.0804996 1.08781004 1.00 00 0 0
255 255 255 255 4.38684988 -39.540501 1.08781004 1.00 00 0 0
255 255 255 255 4.38685989 39.9882011 1.08781004 1.00 00 0 0
%sbwy_tunl_bend
255 255 255 255 4.00538015 -17.575199 0.77231300 1.00 00 0 0
255 255 255 255 -11.026600 17.5751991 1.01745999 1.00 00 0 0
255 255 255 255 -5.1041398 -0.5572100 1.08781004 1.00 00 0 0
255 255 255 255 14.8170996 -33.238701 1.01745999 1.00 00 0 0
255 255 255 255 -13.978500 36.6531982 1.08781004 1.00 00 0 0
%sbwy_tunl_cstm6
255 255 255 255 -4.3392301 -0.0173950 2.02646995 1.00 00 0 0
255 255 255 255 -4.3392301 20.0202999 0.62618899 1.00 00 0 0
255 255 255 255 -4.3392301 -19.927700 3.22041011 1.00 00 0 0
255 255 255 255 -4.3392301 39.6932983 -0.5141020 1.00 00 0 0
255 255 255 255 -4.3392301 -39.835400 3.78094006 1.00 00 0 0
%sbwy_tunl_cstm7
255 255 255 255 -5.2487798 -0.8115840 1.18321002 1.00 00 0 0
255 255 255 255 -25.563101 4.93743992 0.66288799 1.00 00 0 0
255 255 255 255 14.9832001 -6.5826402 1.78808999 1.00 00 0 0
255 255 255 255 -44.621700 7.85199022 0.35023800 1.00 00 0 0
255 255 255 255 35.1973000 -12.173200 2.36431003 1.00 00 0 0
%sbwy_tunl_cstm8
255 255 255 255 14.9672003 -5.3183899 1.22604001 1.00 00 0 0
255 255 255 255 -4.9246802 -3.2802999 1.02907002 1.00 00 0 0
%sbwy_tunl_cstm10
255 255 255 255 -19.699800 1.37996995 4.83604002 1.00 00 0 0
255 255 255 255 -39.587002 0.18161000 6.36552000 1.00 00 0 0
255 255 255 255 0.13269000 3.23087001 2.16366005 1.00 00 0 0
255 255 255 255 19.7560005 5.13632011 -0.4375050 1.00 00 0 0
255 255 255 255 39.3633995 6.53375006 -2.5883999 1.00 00 0 0
%sbwy_tunl_cstm9
255 255 255 255 -31.377800 -25.173901 3.85187006 1.00 00 0 0
255 255 255 255 -17.181801 -11.045200 3.22041011 1.00 00 0 0
255 255 255 255 -3.1030300 3.03354001 2.02646995 1.00 00 0 0
255 255 255 255 10.8948002 17.0312996 0.64252901 1.00 00 0 0
255 255 255 255 24.9766998 31.1133003 -0.5141020 1.00 00 0 0
%sbwy_tunl_cstm11
255 255 255 255 13.2058001 -3.5127001 1.28163004 1.00 00 0 0
255 255 255 255 -3.0239301 -3.4960301 1.44360006 1.00 00 0 0
%sbwy_tunl_cstm1
255 255 255 255 10.3416004 -3.8629200 0.06566430 1.00 00 0 0
255 255 255 255 -4.0500498 10.2539997 2.95255995 1.00 00 0 0
255 255 255 255 24.0296993 -17.825701 -1.9062901 1.00 00 0 0
255 255 255 255 -18.128799 24.3327999 5.01226997 1.00 00 0 0
%sbwy_tunl_cstm2
255 255 255 255 -34.486500 2.73589993 2.16402006 1.00 00 0 0
255 255 255 255 -15.162300 3.10753989 1.95560002 1.00 00 0 0
255 255 255 255 4.86901999 4.15502977 1.31807005 1.00 00 0 0
255 255 255 255 24.6648998 5.13396978 0.85276300 1.00 00 0 0
%sbwy_tunl_cstm4
255 255 255 255 -6.1867700 -1.0112900 1.10205996 1.00 00 0 0
255 255 255 255 -20.036100 -13.369400 1.10207999 1.00 00 0 0
255 255 255 255 8.06884956 11.3506002 1.10206997 1.00 00 0 0
%sbwy_tunl_cstm3
255 255 255 255 40.2176018 0.58703601 0.97846401 1.00 00 0 0
255 255 255 255 20.4766998 -0.9266360 1.62265003 1.00 00 0 0
255 255 255 255 0.50341803 -3.5336299 1.82614994 1.00 00 0 0
255 255 255 255 -19.107000 -6.5252099 1.69290996 1.00 00 0 0
255 255 255 255 -39.084801 -8.8078604 1.48819995 1.00 00 0 0
%sbwy_tunl_cstm5
255 255 255 255 -2.4282801 6.94293022 2.38610005 1.00 00 0 0
255 255 255 255 -4.9045401 -9.6229200 1.01145995 1.00 00 0 0
%tunlentind_4
255 255 255 255 40.9761009 -8.8987398 2.25776005 1.00 00 0 0
255 255 255 255 8.29642010 -8.9236498 2.20625997 1.00 00 0 0
255 255 255 255 -24.042801 -8.9273100 2.19869995 1.00 00 0 0
255 255 255 255 -7.6740398 8.92018986 2.21345997 1.00 00 0 0
255 255 255 255 24.8484001 8.91880035 2.21629000 1.00 00 0 0
255 255 255 255 -40.066799 8.92625046 2.20094991 1.00 00 0 0
%ped_tunnel
216 041 018 255 1.62349999 -2.5742800 2.09734011 0.50 00 0 0
216 041 018 255 -3.6642499 -2.5742800 2.09734011 0.50 00 0 0
%smal_outsidelight
226 251 255 255 0.01155610 -0.1700360 -0.1858380 1.00 00 0 0
%smal_outsidelight2
252 237 210 255 -0.0155430 -0.1700360 -0.1858380 1.20 00 0 0
%singlelight
210 209 186 255 -0.0086670 -0.1851810 -0.0013790 1.00 00 0 0
%smal_outsidelight3
207 196 183 255 0.02058900 -0.1700340 -0.1858380 1.00 00 0 0
%hotel_outsidelight
207 196 183 255 0.02856700 0.09278680 0.12638600 1.20 00 0 0
%sub_billboard1
255 255 255 255 -1.6117400 6.73241997 8.81812954 1.20 00 0 0
255 255 255 255 -1.6117400 0.20748900 8.81812954 1.20 00 0 0
255 255 255 255 -1.6117400 -6.4660001 8.81812954 1.20 00 0 0
%sub_tripbboard
255 255 255 255 6.23278999 5.95116997 12.6791000 1.00 00 0 0
255 255 255 255 4.23389006 6.90454006 12.6791000 1.00 00 0 0
255 255 255 255 2.79503989 7.59087992 12.6791000 1.00 00 0 0
255 255 255 255 -8.0489502 2.79577994 12.6791000 1.00 00 0 0
255 255 255 255 -8.0489502 0.29046601 12.6791000 1.00 00 0 0
255 255 255 255 -8.0489502 -2.2867999 12.6791000 1.00 00 0 0
255 255 255 255 1.68615997 -8.0170898 12.6791000 1.00 00 0 0
255 255 255 255 4.22179985 -6.8347201 12.6791000 1.00 00 0 0
255 255 255 255 6.40899992 -5.8148198 12.6791000 1.00 00 0 0
%sub_floodlite
255 255 255 255 1.52890003 0.10104400 13.8858004 1.00 00 0 1
255 255 255 255 -1.5289000 0.10104400 13.8858004 1.00 00 0 1
%3D8Ball
255 000 000 255 0.00002596 -0.4477200 0.82845497 1.00 02 0 0
090 090 090 255 0.00002599 -0.0000016 0.00000040 1.00 00 0 0
%helix_barrier
228 145 000 255 14.1482000 0.03039550 0.98691899 1.20 00 0 0
228 145 000 255 -9.1780701 0.03039550 0.98691899 1.20 00 0 0
228 145 000 255 10.8648005 0.03039550 0.98691899 1.20 00 0 0
228 145 000 255 9.08504009 0.03039550 0.98691899 1.20 00 0 0
228 145 000 255 5.74976015 0.03039550 0.98691899 1.20 00 0 0
228 145 000 255 -5.7815299 0.03039550 0.98691899 1.20 00 0 0
228 145 000 255 -10.929900 0.03039550 0.98691899 1.20 00 0 0
228 145 000 255 -14.237100 0.03039550 0.98691899 1.20 00 0 0
%floatpackge1
255 255 255 255 0.00840759 -0.0101948 0.75721198 0.60 03 0 0
%mine
255 000 000 255 0.00000000 -0.0069227 0.07920430 1.00 02 0 0
%bollardlight
255 255 255 255 -0.0257463 -0.0584068 0.31920901 0.75 00 0 1
%lampost_coast
255 255 255 255 0.64504200 0.00001527 4.41736984 1.00 00 0 1
%lamppost3
255 148 052 255 -1.4057500 0.20891000 3.67025995 1.20 00 0 1
%Streetlamp2
255 255 255 255 -0.3400040 0.01872250 5.22464991 1.00 00 0 0
255 255 255 255 0.53780901 0.01872250 5.22464991 1.00 00 0 0
%Streetlamp1
255 255 255 255 -0.0298080 0.02392910 5.22464991 1.00 00 0 0
%bouy
255 000 000 255 0.03591540 0.05842020 10.2748003 1.20 03 0 0
255 000 000 255 0.03591540 0.05842020 12.5429001 1.00 00 0 0
%barrelexpos
255 059 059 255 -0.0029871 -0.2660580 0.18544500 0.30 02 0 0
%lamppost1
249 145 034 255 -0.4363920 0.04487710 3.20199990 1.20 00 0 1
%doublestreetlght1
167 255 242 255 2.71970010 1.03363001 4.80805016 1.20 00 0 1
%lamppost2
255 168 017 255 2.88123012 -0.0623951 5.42080021 1.20 00 0 1
255 168 017 255 -3.0561299 -0.0623951 5.42080021 1.20 00 0 1
%trafficlight1
255 000 000 255 -3.6842401 0.76924700 2.82931995 0.45 00 0 0
255 128 000 255 -3.6842401 0.76924700 2.48265004 0.45 00 0 0
000 255 000 255 -3.7151799 -0.4187160 3.16120005 0.45 00 0 0
255 000 000 255 -3.7151799 -0.4187160 2.82931995 0.45 00 0 0
255 128 000 255 -3.7151799 -0.4187160 2.48265004 0.45 00 0 0
000 255 000 255 -3.6842401 0.76924700 3.16120005 0.45 00 0 0
%buildingalarm
000 054 255 255 0.00336456 -0.0191307 0.36999500 1.00 04 0 0
%iten_baker01
255 255 255 255 -14.851600 0.62144500 6.35923004 1.00 00 0 0
%luigiineerclub
196 196 172 255 3.89599991 -5.2054400 -1.8257600 1.00 00 0 0
248 248 248 255 0.73046899 6.60882998 -1.3924900 1.00 00 0 0
%LUIGICLUBout
119 255 255 255 10.1608000 5.27573013 -6.3625598 1.20 02 0 0
119 255 255 255 11.6224003 5.24515009 -6.3625598 1.20 02 0 0
119 255 255 255 11.6224003 6.45801020 -6.3625598 1.20 02 0 0
119 255 255 255 11.6224003 7.59759998 -6.3625598 1.20 02 0 0
119 255 255 255 11.6224003 8.71292019 -6.3625598 1.20 02 0 0
119 255 255 255 11.6224003 9.76311970 -6.3625598 1.20 02 0 0
119 255 255 255 10.1007996 9.75399971 -6.3625598 1.20 02 0 0
%playerwarehouseint
255 255 255 255 5.52056980 0.92132598 2.24529004 0.80 00 0 0
255 255 255 255 5.52056980 3.01428008 2.24529004 0.80 00 0 0
255 255 255 255 -0.6884160 -3.4262700 2.66937995 0.80 00 0 0
255 255 255 255 1.47503996 -3.4262700 2.66937995 0.80 00 0 0
255 255 255 255 3.30408001 -3.8030100 2.66937995 0.80 00 0 0
255 255 255 255 3.30408001 -7.3561702 2.66937995 0.80 00 0 0
255 255 255 255 1.47503996 -7.7128601 2.66937995 0.80 00 0 0
255 255 255 255 -0.6884160 -7.7128601 2.66937995 0.80 00 0 0
%ind_maindrag1
255 255 255 255 2.59129000 -19.984100 -9.9060898 1.00 00 0 0
255 255 255 255 -2.4254301 -19.984100 -9.9060898 1.00 00 0 0
255 255 255 255 -5.4293399 -17.972401 -9.9060898 1.00 00 0 0
255 255 255 255 -5.4293399 -14.656900 -9.9060898 1.00 00 0 0
255 255 255 255 -5.4293399 -11.341500 -9.9060898 1.00 00 0 0
%doc_tar7
255 255 255 255 -49.305500 15.9169998 14.2974005 1.00 00 0 0
255 255 255 255 -49.305099 19.4396000 14.2974005 0.50 00 0 0
255 255 255 255 -49.291698 12.3404999 14.2974005 0.50 00 0 0
255 255 255 255 -46.293098 19.4652004 14.2700005 0.50 00 0 0
255 255 255 255 -46.300499 15.9561996 14.2700005 0.50 00 0 0
255 255 255 255 -46.311600 12.3227997 14.2700005 0.50 00 0 0
%doc_shedbig4
255 255 255 255 -36.080101 20.2437992 -6.3332300 1.00 00 0 0
255 255 255 255 22.4263000 20.2173004 -6.3572502 1.00 00 0 0
255 255 255 255 17.1996994 20.2306995 -6.3452201 1.00 00 0 0
255 255 255 255 2.68982005 20.2537003 -6.3242998 1.00 00 0 0
255 255 255 255 -16.614000 20.2050991 -6.3683901 1.00 00 0 0
255 255 255 255 -23.030600 20.1991997 -6.3737798 1.00 00 0 0
255 255 255 255 37.3181992 20.2409000 -6.3359299 1.00 00 0 0
255 255 255 255 -3.5983901 20.1919994 -6.3803301 1.00 00 0 0
255 255 255 255 -48.545399 20.2493000 -6.3283501 1.00 00 0 0
255 255 255 255 48.2066994 20.2504997 -6.3271499 1.00 00 0 0
%doc_shedbig1
255 255 255 255 -45.871101 13.5639000 -26.128500 1.00 00 0 0
255 255 255 255 23.6401005 -17.023701 -25.360300 1.00 00 0 0
255 255 255 255 -45.912201 -15.416000 -26.165800 1.00 00 0 0
255 255 255 255 -45.854198 -6.8111000 -26.113199 1.00 00 0 0
255 255 255 255 -45.915600 -4.2254000 -26.168900 1.00 00 0 0
255 255 255 255 -45.890701 4.51593018 -26.146299 1.00 00 0 0
255 255 255 255 23.7325001 12.3559999 -25.276501 1.00 00 0 0
255 255 255 255 23.6616001 -7.5374098 -25.340799 1.00 00 0 0
255 255 255 255 23.5974007 2.09167004 -25.399000 1.00 00 0 0
255 255 255 255 23.6709003 21.8675995 -25.332399 1.00 00 0 0
255 255 255 255 23.5849991 31.4636993 -25.410400 1.00 00 0 0
255 255 255 255 -45.876499 -24.125999 -26.133400 1.00 00 0 0
%doc_shedbig3
255 255 255 255 10.0986004 -6.0178199 -6.0423899 1.00 00 0 0
255 255 255 255 35.2038994 -3.0133100 -6.0463500 1.00 00 0 0
255 255 255 255 35.2521019 6.45153999 -6.0025401 1.00 00 0 0
255 255 255 255 20.1431007 -6.0429101 -6.0196099 1.00 00 0 0
255 255 255 255 0.02575680 -6.0703101 -5.9947901 1.00 00 0 0
255 255 255 255 -10.067000 -5.9736300 -6.0824900 1.00 00 0 0
255 255 255 255 -20.072901 -6.0098901 -6.0496001 1.00 00 0 0
255 255 255 255 -30.094200 -6.0080600 -6.0512300 1.00 00 0 0
255 255 255 255 35.2439995 16.0037994 -6.0099201 1.00 00 0 0
255 255 255 255 -28.848400 18.3558006 -6.0496001 1.00 00 0 0
255 255 255 255 -19.338301 18.3558006 -6.0496001 1.00 00 0 0
255 255 255 255 -9.8282499 18.3558006 -6.0496001 1.00 00 0 0
255 255 255 255 -0.3181150 18.3558006 -6.0496001 1.00 00 0 0
255 255 255 255 9.11670017 18.3558006 -6.0496001 1.00 00 0 0
255 255 255 255 18.6044006 18.3558006 -6.0496001 1.00 00 0 0
%rustship_structure
255 255 255 255 -33.224400 -13.437500 -0.5309540 1.00 00 0 0
255 255 255 255 -33.224400 -10.605100 -0.5309540 1.00 00 0 0
255 255 255 255 -33.224400 -4.6179800 -0.5309540 1.00 00 0 0
255 255 255 255 -33.224400 -0.9908450 -0.5309540 1.00 00 0 0
255 255 255 255 -32.951302 6.58874989 -0.5309540 1.00 00 0 0
255 255 255 255 -32.758099 12.1512003 -0.5309540 1.00 00 0 0
255 255 255 255 -36.701698 14.8226004 -0.5309540 1.00 00 0 0
255 255 255 255 -41.039902 14.8839998 -0.5309540 1.00 00 0 0
%doc_tar6
255 255 255 255 -43.897202 -9.1029100 7.01211977 0.50 00 0 0
255 255 255 255 -43.897202 -5.5958900 7.01211977 0.50 00 0 0
255 255 255 255 -43.897202 -12.721600 7.01211977 0.50 00 0 0
255 255 255 255 -41.007900 -12.721600 7.01211977 0.50 00 0 0
255 255 255 255 -41.007900 -9.1029100 7.01211977 1.00 00 0 0
255 255 255 255 -41.007900 -5.5958900 7.01211977 1.00 00 0 0
%Hospital_ind
255 255 255 255 -13.809200 9.09012985 8.76523972 1.00 00 0 0
255 255 255 255 -13.809200 2.72537994 8.81752014 1.00 00 0 0
255 255 255 255 -13.809200 -2.7753501 8.81070995 1.00 00 0 0
255 255 255 255 -13.809200 -9.1515703 8.79689026 1.00 00 0 0
255 255 255 255 -17.489700 -14.225900 8.85435009 1.00 00 0 0
255 255 255 255 -17.489700 -23.367901 8.82038021 1.00 00 0 0
255 255 255 255 -17.489700 -32.852901 8.81700039 1.00 00 0 0
255 255 255 255 -8.9196301 49.9357986 15.6822004 1.00 00 0 0
255 255 255 255 -8.9196301 57.0951004 15.6927996 1.00 00 0 0
255 255 255 255 -8.9196301 67.4741974 15.6960001 1.00 00 0 0
%ind_land106
255 255 255 255 6.05200005 63.0435982 -9.9230604 1.00 00 0 0
255 255 255 255 23.8390999 61.6590996 -9.9230604 1.00 00 0 0
255 255 255 255 23.8390999 47.9444008 -9.9230604 1.00 00 0 0
255 255 255 255 10.5781002 42.9510994 -9.9230604 1.00 00 0 0
255 255 255 255 10.5781002 37.2695007 -9.9230604 1.00 00 0 0
255 255 255 255 -6.8403902 45.9343987 -9.9230604 1.00 00 0 0
255 255 255 255 -6.8403902 40.2528000 -9.9230604 1.00 00 0 0
255 255 255 255 -13.938200 34.5822983 -9.9230604 1.00 00 0 0
255 255 255 255 -13.938200 28.9006996 -9.9230604 1.00 00 0 0
255 255 255 255 -16.552999 19.3232994 -9.9230604 1.00 00 0 0
255 255 255 255 19.8880997 30.8020992 -9.9230604 1.00 00 0 0
255 255 255 255 19.8880997 25.1205006 -9.9230604 1.00 00 0 0
255 255 255 255 19.8880997 19.2703991 -9.9230604 1.00 00 0 0
%billboard03
255 255 255 255 6.23278999 5.95116997 12.6791000 1.00 00 0 0
255 255 255 255 4.23389006 6.90454006 12.6791000 1.00 00 0 0
255 255 255 255 2.79503989 7.59087992 12.6791000 1.00 00 0 0
255 255 255 255 -8.0489502 2.79577994 12.6791000 1.00 00 0 0
255 255 255 255 -8.0489502 0.29046601 12.6791000 1.00 00 0 0
255 255 255 255 -8.0489502 -2.2867999 12.6791000 1.00 00 0 0
255 255 255 255 1.68615997 -8.0170898 12.6791000 1.00 00 0 0
255 255 255 255 4.22179985 -6.8347201 12.6791000 1.00 00 0 0
255 255 255 255 6.40899992 -5.8148198 12.6791000 1.00 00 0 0
%mak_bulbsmall
255 255 255 255 -32.398300 -7.5159898 -0.5191380 0.75 00 0 0
255 255 255 255 -27.719700 -7.7237501 -0.5191380 0.75 00 0 0
255 255 255 255 -22.394300 -7.9432402 -0.5191380 0.75 00 0 0
255 255 255 255 -16.310301 -8.4167500 -0.5191380 0.75 00 0 0
255 255 255 255 -10.131100 -8.4732704 -0.5191380 0.75 00 0 0
255 255 255 255 -7.5928302 -7.6875601 -0.5039560 0.75 00 0 0
255 255 255 255 -3.5156901 -5.2666602 -0.5276990 0.75 00 0 0
255 255 255 255 0.96447802 -2.6370201 -0.4889790 0.75 00 0 0
255 255 255 255 6.35003996 0.23254400 -0.4889790 0.75 00 0 0
255 255 255 255 11.5918999 3.50487995 -0.4889790 0.75 00 0 0
%Chinabuilds07
255 255 255 255 25.9592991 11.8689003 -7.8772302 1.00 00 0 0
255 255 255 255 25.9592991 19.0709000 -7.8772302 1.00 00 0 0
255 255 255 255 25.9592991 26.1326008 -7.8772302 1.00 00 0 0
255 255 255 255 22.6450005 30.7936001 -7.8772302 1.00 00 0 0
255 255 255 255 16.8864994 30.7936001 -7.8772302 1.00 00 0 0
255 255 255 255 11.2355003 30.7936001 -7.8772302 1.00 00 0 0
%chtwn_fmrkt
255 255 255 255 33.2053986 -7.8653598 -2.3290401 0.75 00 0 0
255 255 255 255 21.8546009 -7.8653598 -2.3290401 0.75 00 0 0
255 255 255 255 10.9438000 -7.8653598 -2.3290401 0.75 00 0 0
255 255 255 255 -11.331000 -7.8653598 -2.3290401 0.75 00 0 0
255 255 255 255 -22.681801 -7.8653598 -2.3290401 0.75 00 0 0
255 255 255 255 -33.592499 -7.8653598 -2.3290401 0.75 00 0 0
255 255 255 255 -5.9776602 18.6322994 -2.3290401 0.75 00 0 0
255 255 255 255 -5.9776602 -2.4934101 -2.3290401 0.75 00 0 0
%dinerind02
255 255 255 255 -14.814900 13.3782997 -2.2079000 1.00 00 0 0
255 255 255 255 -19.462799 7.81444979 -2.2161601 1.00 00 0 0
255 255 255 255 -31.432400 8.03754044 -2.2079000 1.00 00 0 0
255 255 255 255 -35.812099 13.7221003 -2.2079000 1.00 00 0 0
%indhelix_barrier
255 188 070 255 0.07543950 19.8519993 -0.0805798 1.00 02 0 0
255 188 070 255 0.07543950 17.9482994 -0.0805798 1.00 02 0 0
255 188 070 255 0.07543950 12.5253000 -0.0805798 1.00 02 0 0
255 188 070 255 0.07543950 10.4387999 -0.0805798 1.00 02 0 0
255 188 070 255 0.07543950 -10.343300 -0.0805798 1.00 02 0 0
255 188 070 255 0.07543950 -12.247000 -0.0805798 1.00 00 0 0
255 188 070 255 0.07543950 -17.670000 -0.0805798 1.00 02 0 0
255 188 070 255 0.07543950 -19.756500 -0.0805798 1.00 02 0 0
%mak_billboard
255 203 049 255 -6.5588198 -2.0180299 8.68284035 1.00 00 0 0
255 203 049 255 -0.0464973 -2.0180299 8.68284035 1.00 00 0 0
255 203 049 255 6.46582985 -2.0180299 8.68284035 1.00 00 0 0
%mak_billsmall
255 203 049 255 -4.0178499 -1.0738500 5.18549013 1.00 00 0 0
255 203 049 255 -0.0276794 -0.8960000 5.18549013 1.00 00 0 0
255 203 049 255 3.94235992 -1.1099600 5.18549013 1.00 00 0 0
%doc_floodlite
255 255 255 255 1.52890003 0.10104400 13.8858004 1.00 00 0 0
255 255 255 255 -1.5289000 0.10104400 13.8858004 1.00 00 0 0
%cranesmalltop
255 000 000 255 -11.857900 1.82256997 -1.1945300 1.00 00 0 0
031 214 035 255 -11.857900 -0.9783330 -1.1945300 1.00 00 0 0
%billboard01
255 255 255 255 1.48327994 2.50084996 4.13648987 1.00 00 0 0
255 255 255 255 1.48327994 0.00216675 4.13648987 1.00 00 0 0
255 255 255 255 1.48327994 -2.4957600 4.13648987 1.00 00 0 0
255 255 255 255 -1.4825400 2.50024009 4.13648987 1.00 00 0 0
255 255 255 255 -1.4825400 -0.0026550 4.13648987 1.00 00 0 0
255 255 255 255 -1.4825400 -2.4907501 4.13648987 1.00 00 0 0
%chinalanterns
255 042 000 255 -0.0785522 -0.5841060 -2.9455700 1.00 00 0 0
255 042 000 255 -0.1657710 3.80016994 -2.6914201 1.00 00 0 0
255 042 000 255 -0.0785522 -4.8477201 -2.5606301 1.00 00 0 0
%com_hospital
255 255 255 255 -5.4645801 -40.850700 -14.940000 1.00 00 0 0
255 255 255 255 59.9110985 9.28213978 -14.940000 1.00 00 0 0
255 255 255 255 59.9110985 -19.759600 -14.940000 1.00 00 0 0
255 255 255 255 59.9110985 -30.517599 -14.940000 1.00 00 0 0
255 255 255 255 48.8960991 -30.517599 -14.940000 1.00 00 0 0
255 255 255 255 34.5633011 -30.517599 -14.940000 1.00 00 0 0
255 255 255 255 20.1294003 -30.517599 -14.940000 1.00 00 0 0
255 255 255 255 8.46364975 -30.517599 -14.940000 1.00 00 0 0
255 255 255 255 14.0008001 -43.953201 -14.940000 1.00 00 0 0
255 255 255 255 14.0008001 -40.850700 -14.940000 1.00 00 0 0
255 255 255 255 4.33600998 -40.850700 -14.940000 1.00 00 0 0
255 255 255 255 4.33600998 -43.953201 -14.940000 1.00 00 0 0
255 255 255 255 59.9110985 -5.3056202 -14.940000 1.00 00 0 0
255 255 255 255 -5.4645801 -43.953201 -14.940000 1.00 00 0 0
255 255 255 255 -15.223800 -40.850700 -14.940000 1.00 00 0 0
255 255 255 255 -15.223800 -43.953201 -14.940000 1.00 00 0 0
255 255 255 255 60.6533012 50.3223000 -15.908800 1.00 00 0 0
255 255 255 255 50.6450996 50.3223000 -15.908800 1.00 00 0 0
255 255 255 255 40.6092987 50.3223000 -15.908800 1.00 00 0 0
255 255 255 255 30.5974998 50.3223000 -16.406401 1.00 00 0 0
255 255 255 255 20.5583000 50.3223000 -16.406401 1.00 00 0 0
255 255 255 255 10.5516996 50.3223000 -16.406401 1.00 00 0 0
255 255 255 255 -23.197001 48.9944992 -16.440001 1.00 00 0 0
255 255 255 255 -40.301800 48.9944992 -16.440001 1.00 00 0 0
255 255 255 255 -57.782700 48.9944992 -16.440001 1.00 00 0 0
255 255 255 255 20.6348991 -1.3757600 -16.829000 1.00 00 0 0
255 255 255 255 11.1069002 -11.280200 -16.829000 1.00 00 0 0
255 255 255 255 40.6654015 -1.3675500 -16.829000 1.00 00 0 0
%subntrnce_n2
255 255 255 255 -10.529400 -32.354698 8.65779018 1.00 00 0 0
255 255 255 255 -10.529400 -21.149599 8.65779018 1.00 00 0 0
255 255 255 255 3.71774006 -21.149599 8.65779018 1.00 00 0 0
255 255 255 255 3.71774006 -32.354698 8.65779018 1.00 00 0 0
255 255 255 255 3.71774006 -43.438202 8.65779018 1.00 00 0 0
255 255 255 255 3.71774006 -54.655800 8.65779018 1.00 00 0 0
255 255 255 255 -10.529400 -54.655800 8.65779018 1.00 00 0 0
255 255 255 255 -10.529400 -43.438202 8.65779018 1.00 00 0 0
%bsemnt_cprk
117 117 117 255 -33.773701 -15.347600 -0.1294920 1.20 00 0 0
119 119 119 255 -32.473598 -15.324900 -0.1294920 1.20 00 0 0
114 114 114 255 -12.810400 -13.253700 -0.1294920 1.20 00 0 0
109 109 109 255 -12.810400 -11.953300 -0.1294920 1.20 00 0 0
117 117 117 255 -7.3200998 -13.253700 -0.1294920 1.20 00 0 0
116 116 116 255 -7.3200998 -11.953300 -0.1294920 1.20 00 0 0
109 109 109 255 -2.3995500 -13.253700 -0.1294920 1.20 00 0 0
111 111 111 255 -2.3995500 -11.953300 -0.1294920 1.20 00 0 0
024 071 015 255 -13.767800 6.49588013 -2.1116700 1.00 00 0 0
%com_park3
210 210 196 255 1.77043998 -59.745998 9.97418022 1.00 00 0 0
210 210 196 255 1.77043998 -55.253502 9.97418022 1.00 00 0 0
210 210 196 255 1.77043998 -50.705399 9.97418022 1.00 00 0 0
210 210 196 255 1.77043998 -44.786098 9.97418022 1.00 00 0 0
210 210 196 255 1.77043998 -40.210499 9.97418022 1.00 00 0 0
210 210 196 255 1.77043998 -35.662399 9.97418022 1.00 00 0 0
%flatiron1b
255 255 255 255 -4.6292901 -16.403799 -39.410000 1.00 00 0 0
255 255 255 255 -7.7159901 -22.729401 -39.410000 1.00 00 0 0
255 255 255 255 -10.880000 -29.048201 -39.410000 1.00 00 0 0
255 255 255 255 -13.858100 -35.425598 -39.410000 1.00 00 0 0
255 255 255 255 -16.935801 -41.466400 -39.410000 1.00 00 0 0
255 255 255 255 -27.101700 -10.827200 -39.410000 1.00 00 0 0
255 255 255 255 -27.101700 -17.692600 -39.410000 1.00 00 0 0
255 255 255 255 -27.101700 -24.682199 -39.410000 1.00 00 0 0
255 255 255 255 -27.101700 -31.828600 -39.410000 1.00 00 0 0
255 255 255 255 -27.101700 -39.020802 -39.410000 1.00 00 0 0
255 255 255 255 -27.101700 -3.5935299 -39.410000 1.00 00 0 0
163 163 163 255 -25.519501 42.9314995 -39.228600 1.00 00 0 0
163 163 163 255 -25.519501 31.8034000 -39.228600 1.00 00 0 0
163 163 163 255 -25.519501 19.0513000 -39.228600 1.00 00 0 0
%flatiron1
255 255 255 255 -27.504299 -3.9918499 -41.772099 1.00 00 0 0
255 255 255 255 -27.504299 -11.225500 -41.772099 1.00 00 0 0
255 255 255 255 -27.504299 -18.090900 -41.772099 1.00 00 0 0
255 255 255 255 -27.504299 -25.080500 -41.772099 1.00 00 0 0
255 255 255 255 -27.504299 -32.226898 -41.772099 1.00 00 0 0
255 255 255 255 -27.504299 -39.419201 -41.772099 1.00 00 0 0
255 255 255 255 -17.338400 -41.864700 -41.772099 1.00 00 0 0
255 255 255 255 -14.260800 -35.823898 -41.772099 1.00 00 0 0
255 255 255 255 -11.282700 -29.446600 -41.772099 1.00 00 0 0
255 255 255 255 -8.1186399 -23.127701 -41.772099 1.00 00 0 0
255 255 255 255 -5.0319500 -16.802200 -41.772099 1.00 00 0 0
%flatiron1c
255 255 255 255 -28.315001 -4.9417200 -32.150101 1.00 00 0 0
255 255 255 255 -28.315001 -12.150000 -32.150101 1.00 00 0 0
255 255 255 255 -28.315001 -18.923800 -32.150101 1.00 00 0 0
255 255 255 255 -28.315001 -25.948799 -32.150101 1.00 00 0 0
255 255 255 255 -28.315001 -33.072102 -32.150101 1.00 00 0 0
255 255 255 255 -28.315001 -40.096802 -32.150101 1.00 00 0 0
255 255 255 255 -27.715200 -40.564602 -41.832802 1.00 00 0 0
255 255 255 255 -27.715200 -33.367199 -41.832802 1.00 00 0 0
255 255 255 255 -27.715200 -26.429100 -41.832802 1.00 00 0 0
255 255 255 255 -27.715200 -19.496000 -41.832802 1.00 00 0 0
255 255 255 255 -27.715200 -12.402000 -41.832802 1.00 00 0 0
255 255 255 255 -27.715200 -5.7676802 -41.832802 1.00 00 0 0
255 255 255 255 -17.407900 -42.896400 -32.150101 1.00 00 0 0
255 255 255 255 -17.319000 -43.429501 -42.338001 1.00 00 0 0
255 255 255 255 -14.241400 -37.388699 -42.338001 1.00 00 0 0
255 255 255 255 -14.330300 -36.855598 -32.150101 1.00 00 0 0
255 255 255 255 -11.352200 -30.478201 -32.150101 1.00 00 0 0
255 255 255 255 -11.263300 -31.011200 -42.338001 1.00 00 0 0
255 255 255 255 -8.0992804 -24.692400 -42.338001 1.00 00 0 0
255 255 255 255 -8.1881599 -24.159401 -32.150101 1.00 00 0 0
255 255 255 255 -5.1014600 -17.833799 -32.150101 1.00 00 0 0
255 255 255 255 -5.0125799 -18.366899 -42.338001 1.00 00 0 0
255 255 255 255 -25.801600 41.3359985 -41.832802 1.00 00 0 0
255 255 255 255 -25.724100 30.1483994 -41.832802 1.00 00 0 0
255 255 255 255 -25.724100 17.5168991 -41.832802 1.00 00 0 0
%condo_ivy
056 089 049 255 8.11114979 22.1221008 -0.1328660 1.00 00 0 0
056 089 049 255 8.11114979 14.1676998 -0.1328660 1.00 00 0 0
056 089 049 255 8.11114979 4.66149998 -0.1328660 1.00 00 0 0
089 067 049 255 0.98980701 24.1182003 -0.1328660 1.00 00 0 0
%com_park1
255 255 255 255 4.50748014 -96.978500 6.55201006 1.00 00 0 0
255 255 255 255 4.50748014 -105.95600 6.50153017 1.00 00 0 0
%helix_road4
187 163 112 255 3.07683992 6.51745987 1.58615005 1.20 00 0 0
187 163 112 255 -17.784100 -3.2174101 3.25269008 1.20 00 0 0
187 163 112 255 5.68267012 3.19263005 1.58615005 1.20 00 0 0
187 163 112 255 -17.450600 -6.7633100 3.25269008 1.20 00 0 0
%helix_road1
255 255 255 255 26.8129997 -20.667101 35.2742996 1.00 00 0 0
255 255 255 255 27.6350994 -23.054501 35.2742996 1.00 00 0 0
255 255 255 255 25.9608994 -18.192400 35.2742996 1.00 00 0 0
255 255 255 255 20.1145000 -29.799601 35.2742996 1.00 00 0 0
255 255 255 255 17.6963997 -28.798000 35.2742996 1.00 00 0 0
255 255 255 255 15.3635998 -27.831699 35.2742996 1.00 00 0 0
255 255 255 255 12.5818996 -17.997299 35.2742996 1.00 00 0 0
255 255 255 255 14.4960003 -16.212299 35.2742996 1.00 00 0 0
255 255 255 255 16.3426991 -14.490300 35.2742996 1.00 00 0 0
%helix_road2
187 163 112 255 16.7483997 -13.027400 4.51502991 1.20 00 0 0
187 163 112 255 -12.486100 4.98589993 1.74960995 1.20 00 0 0
187 163 112 255 17.9650002 -12.291000 4.51502991 1.20 00 0 0
%helix_road3
187 163 112 255 0.25603500 -9.1468496 3.05009007 1.20 00 0 0
187 163 112 255 0.11756900 12.9217997 2.07744002 1.20 00 0 0
187 163 112 255 -2.0636301 -8.2725801 3.05009007 1.20 00 0 0
187 163 112 255 1.73309004 13.0277004 2.07744002 1.20 00 0 0
%newblokb
236 235 230 255 17.8041000 -26.846800 -2.3412700 1.20 00 0 0
236 235 230 255 17.8041000 -34.716000 -2.3412700 1.20 00 0 0
236 235 230 255 22.3085003 -21.864000 17.2908001 1.20 00 0 0
236 235 230 255 32.2184982 -21.864000 17.2908001 1.20 00 0 0
236 235 230 255 32.2184982 -21.864000 3.82860994 1.20 00 0 0
236 235 230 255 22.3085003 -21.864000 3.82860994 1.20 00 0 0
%newdockbuilding2
127 127 127 255 20.0368004 44.4818001 3.06075001 1.20 00 0 0
127 127 127 255 20.0368004 24.2134991 3.06075001 1.20 00 0 0
127 127 127 255 20.0368004 4.85418987 3.06075001 1.20 00 0 0
127 127 127 255 20.0368004 -15.346200 3.06075001 1.20 00 0 0
127 127 127 255 20.0368004 -35.104500 3.06075001 1.20 00 0 0
%tenkb_builds01
188 188 188 255 -10.869800 3.60065007 -10.737600 1.20 00 0 0
%mallB
210 210 196 255 -61.592602 -13.600900 6.90445995 1.00 00 0 0
210 210 196 255 -61.592602 -10.969700 6.90445995 1.20 00 0 0
210 210 196 255 -48.339901 -6.3581500 6.90445995 1.20 00 0 0
210 210 196 255 -52.788502 -4.3944101 6.90445995 1.20 00 0 0
210 210 196 255 -51.942902 -18.184799 6.90445995 1.20 00 0 0
210 210 196 255 -49.180302 -16.727200 6.90445995 1.20 00 0 0
%amcoudet
217 211 188 255 4.88768005 -31.872801 -61.432201 1.20 00 0 0
217 211 188 255 4.88768005 -39.602100 -61.432201 1.00 00 0 0
217 211 188 255 4.88768005 -46.900398 -61.432201 1.20 00 0 0
217 211 188 255 19.7840004 -46.900398 -61.432201 1.20 00 0 0
217 211 188 255 19.7840004 -39.602100 -61.432201 1.20 00 0 0
217 211 188 255 19.7840004 -31.872801 -61.432201 1.20 00 0 0
%amcounder
255 255 255 255 -5.2903399 -26.743900 -2.9016600 1.00 00 0 0
255 255 255 255 9.41112995 -26.975000 -1.6371900 1.00 00 0 0
255 255 255 255 21.8190994 -26.975000 -1.6371900 1.00 00 0 0
255 255 255 255 25.0368004 -21.533800 -1.6371900 1.00 00 0 0
255 255 255 255 25.0368004 -10.678000 -1.6371900 1.00 00 0 0
255 255 255 255 25.0368004 -0.5872800 -1.6371900 1.00 00 0 0
255 255 255 255 25.0368004 10.3424997 -1.6371900 1.00 00 0 0
255 255 255 255 25.0368004 20.3544998 -1.6371900 1.00 00 0 0
255 255 255 255 9.85315037 10.4066000 -1.5662700 1.00 00 0 0
255 255 255 255 -6.2451200 -4.9632602 -1.5662700 1.00 00 0 0
255 255 255 255 -6.3234301 -20.899300 -1.6058500 1.00 00 0 0
255 255 255 255 -11.458700 -26.090300 -2.2274101 1.00 00 0 0
255 255 255 255 -13.468900 -26.090300 -2.2274101 1.00 00 0 0
255 255 255 255 -19.581100 -26.732700 -2.9014900 1.00 00 0 0
255 255 255 255 -21.093800 -20.899300 -1.6117700 1.00 00 0 0
255 255 255 255 -30.131399 -12.229600 -1.6371900 1.00 00 0 0
255 255 255 255 -30.131399 2.34618998 -1.6371900 1.00 00 0 0
255 255 255 255 -30.131399 15.1999998 -1.6371900 1.00 00 0 0
255 255 255 255 -30.131399 27.8640003 -1.6371900 1.00 00 0 0
255 255 255 255 -30.131399 37.2160988 -1.6371900 1.00 00 0 0
255 255 255 255 -6.9680200 36.3124008 -1.6371900 1.00 00 0 0
255 255 255 255 9.25899982 36.3124008 -1.6371900 1.00 00 0 0
255 255 255 255 22.9277000 36.3124008 -1.6371900 1.00 00 0 0
255 255 255 255 25.0368004 30.8264008 -1.6371900 1.00 00 0 0
%com_land050
255 255 255 255 50.6548004 -92.526398 34.2690010 1.00 00 0 0
255 255 255 255 50.3395004 -90.865196 34.2690010 1.00 00 0 0
255 255 255 255 49.9832993 -89.159500 34.2690010 1.00 00 0 0
255 255 255 255 61.6963005 -83.655403 34.2690010 1.00 00 0 0
255 255 255 255 59.9824982 -83.200798 34.2690010 1.00 00 0 0
255 255 255 255 58.3414993 -82.773804 34.2690010 1.00 00 0 0
255 255 255 255 62.0733986 -94.773903 34.2690010 1.00 00 0 0
255 255 255 255 60.6697006 -95.771599 34.2690010 1.00 00 0 0
255 255 255 255 63.4580002 -93.791298 34.2690010 1.00 00 0 0
%csky_skyscrp26b
217 211 188 255 28.8782997 -31.954000 20.9344997 1.20 00 0 0
217 211 188 255 35.9039993 -43.653599 20.9344997 1.20 00 0 0
217 211 188 255 21.2663994 -52.104698 20.9344997 1.20 00 0 0
217 211 188 255 14.4439001 -40.287800 20.9344997 1.20 00 0 0
%museum
170 162 109 255 -19.386900 10.9375000 8.12316990 1.00 00 0 0
170 162 109 255 -19.386900 -9.9439096 8.12316990 1.20 00 0 0
170 162 109 255 -19.386900 -3.6255500 8.12316990 1.20 00 0 0
170 162 109 255 -19.386900 3.50165009 8.12316990 1.20 00 0 0
%police_com
206 165 094 255 4.46280003 -64.165604 -36.674198 0.50 00 0 0
206 165 094 255 -6.5353098 -64.165604 -36.674198 0.50 00 0 0
206 165 094 255 -17.444599 -64.165604 -36.674198 0.50 00 0 0
206 165 094 255 -28.467600 -64.165604 -36.674198 0.50 00 0 0
206 165 094 255 -28.467600 -57.058498 -36.674198 0.50 00 0 0
206 165 094 255 -17.492100 -57.058498 -36.674198 0.50 00 0 0
206 165 094 255 -6.3490300 -57.058498 -36.674198 0.50 00 0 0
206 165 094 255 4.50768995 -57.058498 -36.674198 0.50 00 0 0
206 165 094 255 1.17969000 -2.5974100 -30.004601 1.00 00 0 0
206 165 094 255 1.15349996 2.47864008 -30.020901 1.00 00 0 0
206 165 094 255 1.17315996 7.52306986 -30.035400 1.00 00 0 0
206 165 094 255 1.18432999 12.6424999 -29.971800 1.00 00 0 0
206 165 094 255 1.17553997 17.7383003 -30.019199 1.00 00 0 0
206 165 094 255 1.16717994 22.7963009 -30.243099 1.00 00 0 0
206 165 094 255 1.16489005 27.7854004 -29.958500 1.00 00 0 0
223 220 216 255 0.32833901 -5.1368399 -23.979300 1.00 00 0 0
223 220 216 255 -4.5497398 -5.1368399 -23.979300 1.00 00 0 0
223 220 216 255 -9.0310097 -5.1368399 -23.979300 1.00 00 0 0
223 220 216 255 -13.848300 -5.1368399 -23.979300 1.00 00 0 0
223 220 216 255 -16.125200 -2.4631300 -23.979300 1.00 00 0 0
223 220 216 255 -18.622801 -5.1368399 -23.979300 1.00 00 0 0
223 220 216 255 -23.280300 -5.1368399 -23.979300 1.00 00 0 0
223 220 216 255 -28.156500 -5.1368399 -23.979300 1.00 00 0 0
223 220 216 255 -32.610500 -5.1368399 -23.979300 1.00 00 0 0
206 165 094 255 -33.779400 -2.5974100 -30.004601 1.00 00 0 0
206 165 094 255 -33.805599 2.47864008 -30.020901 1.00 00 0 0
206 165 094 255 -33.785900 7.52306986 -30.035400 1.00 00 0 0
206 165 094 255 -33.774700 12.6424999 -29.971800 1.00 00 0 0
206 165 094 255 -33.783501 17.7383003 -30.019199 1.00 00 0 0
206 165 094 255 -33.791901 22.7963009 -30.243099 1.00 00 0 0
206 165 094 255 -33.794201 27.7854004 -29.958500 1.00 00 0 0
255 255 255 255 78.3995972 -36.158100 -28.193800 1.00 00 0 0
255 255 255 255 77.9872971 -27.315800 -27.964701 1.00 00 0 0
255 255 255 255 78.2410965 -21.723801 -26.895901 1.00 00 0 0
255 255 255 255 78.0939026 -12.561200 -26.862900 1.00 00 0 0
255 255 255 255 78.0939026 -42.229900 -29.552000 1.00 00 0 0
255 255 255 255 78.0939026 -51.318802 -29.524401 1.00 00 0 0
255 255 255 255 78.6066971 -57.613499 -30.463699 1.00 00 0 0
255 255 255 255 78.5699997 -66.555199 -30.568800 1.00 00 0 0
%kb_underpass
255 255 255 255 -39.387001 43.4646988 9.69641018 1.20 00 0 0
255 255 255 255 -34.742901 43.4646988 9.69641018 1.20 00 0 0
255 255 255 255 -30.409901 43.4646988 9.64593983 1.20 00 0 0
255 255 255 255 -11.263500 43.4646988 9.74925995 1.20 00 0 0
255 255 255 255 -6.6193199 43.4646988 9.74925995 1.20 00 0 0
255 255 255 255 -1.8902900 43.6318016 10.2021999 1.20 00 0 0
255 255 255 255 -14.248800 -2.6511199 9.97486019 1.20 00 0 0
255 255 255 255 -18.892900 -2.6511199 9.97486019 1.20 00 0 0
255 255 255 255 -23.225901 -2.6511199 9.92438984 1.20 00 0 0
255 255 255 255 -32.976299 -2.6511199 9.91053009 1.20 00 0 0
255 255 255 255 -37.309200 -2.6511199 9.86005974 1.20 00 0 0
255 255 255 255 -43.383099 -2.6511800 9.93391037 1.00 00 0 0
255 255 255 255 -47.868999 -2.8183000 10.4372997 1.20 00 0 0
%casino
076 083 235 255 2.48480010 -37.935799 -16.509600 1.20 00 0 0
076 083 235 255 0.04193120 -35.516499 -16.509600 1.20 00 0 0
076 083 235 255 -2.5455000 -32.994301 -16.509600 1.20 00 0 0
076 083 235 255 -4.5127902 -30.785999 -16.509600 1.20 00 0 0
076 083 235 255 -6.9556599 -28.366699 -16.509600 1.20 00 0 0
076 083 235 255 -9.5430899 -25.844500 -16.509600 1.20 00 0 0
076 083 235 255 -11.552000 -23.742100 -16.509600 1.20 00 0 0
076 083 235 255 -13.994900 -21.322800 -16.509600 1.20 00 0 0
076 083 235 255 -16.119400 -19.311399 -16.532801 1.20 00 0 0
131 126 232 255 -25.316999 -80.233498 -18.122700 1.20 00 0 0
093 086 225 255 -28.904301 -80.233498 -16.985201 1.20 00 0 0
093 086 225 255 -32.432999 -80.233498 -16.115101 1.20 00 0 0
093 086 225 255 -35.934101 -80.233498 -15.120700 1.20 00 0 0
093 086 225 255 -39.469501 -80.233498 -14.208900 1.20 00 0 0
093 086 225 255 -43.039299 -80.233498 -13.319500 1.20 00 0 0
093 086 225 255 -43.039299 -76.672401 -14.208900 1.20 00 0 0
093 086 225 255 -43.039299 -73.111504 -15.120700 1.20 00 0 0
093 086 225 255 -43.039299 -69.546799 -16.115101 1.20 00 0 0
093 086 225 255 -43.039299 -66.010002 -16.985201 1.20 00 0 0
093 086 225 255 -43.039299 -62.392502 -18.122700 1.20 00 0 0
000 238 039 255 -12.093400 -52.084801 -3.5050199 1.00 02 0 0
000 238 039 255 -29.905899 -34.089500 -3.5050199 1.00 02 0 0
000 238 039 255 -30.121901 -60.565601 -3.5050199 1.00 02 0 0
000 238 039 255 -23.524700 -67.221703 -3.5050199 1.00 02 0 0
000 238 039 255 2.99062991 -67.221703 -3.5050199 1.00 02 0 0
238 000 000 255 -18.888000 -66.364098 -1.5702699 1.00 03 0 0
238 000 000 255 -19.076599 -53.222401 -2.9410300 1.00 00 0 0
117 076 155 255 -43.126301 -9.5994902 -3.9119799 1.20 00 0 0
076 083 235 255 -10.663900 -32.699699 -16.532801 1.20 00 0 0
076 083 235 255 -8.5394297 -34.711102 -16.509600 1.20 00 0 0
076 083 235 255 -6.0965600 -37.130402 -16.509600 1.20 00 0 0
076 083 235 255 -4.0876198 -39.232800 -16.509600 1.20 00 0 0
076 083 235 255 -1.5001800 -41.755001 -16.509600 1.20 00 0 0
076 083 235 255 0.94268799 -44.174301 -16.509600 1.20 00 0 0
076 083 235 255 2.90997005 -46.382599 -16.509600 1.20 00 0 0
076 083 235 255 5.49740982 -48.904800 -16.509600 1.20 00 0 0
076 083 235 255 7.94027996 -51.324100 -16.509600 1.20 00 0 0
%casino_grnd
255 255 255 255 78.7919006 73.6958008 28.0445004 1.00 00 0 0
255 255 255 255 77.1760025 72.9210968 28.0445004 1.00 00 0 0
255 255 255 255 75.6667023 72.1119003 28.0445004 1.00 00 0 0
255 255 255 255 76.4287033 59.6665001 28.0445004 1.00 00 0 0
255 255 255 255 75.0960999 60.6162987 28.0445004 1.00 00 0 0
255 255 255 255 73.6985016 61.7312012 28.0445004 1.00 00 0 0
255 255 255 255 86.8505020 67.3588028 28.0445004 1.00 00 0 0
255 255 255 255 86.4792023 65.6722031 28.0445004 1.00 00 0 0
255 255 255 255 86.1645966 63.9780006 28.0445004 1.00 00 0 0
%casino_garden
100 081 007 255 2.42065001 -19.750700 2.05199003 1.00 00 0 0
100 070 007 255 2.42065001 -13.986600 2.05199003 1.00 00 0 0
100 081 007 255 2.42065001 -8.4437304 2.05199003 1.00 00 0 0
100 081 007 255 7.24243021 -5.6285400 2.05199003 1.00 00 0 0
100 081 007 255 7.18893003 -11.239900 2.05199003 1.00 00 0 0
100 081 007 255 7.18893003 -16.996500 2.05199003 1.00 00 0 0
%subentrance
255 255 255 255 -16.757900 31.2504005 13.3772001 1.00 00 0 0
255 255 255 255 -16.760099 20.0266991 13.2985001 1.00 00 0 0
255 255 255 255 -16.760099 8.82800007 13.3704004 1.00 00 0 0
255 255 255 255 -2.4336700 31.2761002 13.3344002 1.00 00 0 0
255 255 255 255 -2.4390900 20.0690994 13.3261995 1.00 00 0 0
255 255 255 255 -2.4445000 9.06445026 13.3207998 1.00 00 0 0
%broadwaybuild3
255 028 097 255 -42.347000 2.05872011 32.2750015 1.20 02 0 0
000 255 255 255 -42.347000 2.05872011 28.3707008 1.20 02 0 0
255 028 097 255 -42.347000 2.05872011 24.4235001 1.20 02 0 0
000 255 255 255 -42.347000 2.05872011 20.7525005 1.20 02 0 0
255 028 097 255 -42.347000 2.05872011 16.9190006 1.20 02 0 0
000 255 255 255 -42.347000 2.05872011 12.8702002 1.20 02 0 0
255 028 097 255 -42.347000 2.05872011 8.79798031 1.20 02 0 0
000 255 255 255 -42.347000 2.05872011 5.30249977 1.20 02 0 0
255 028 097 255 -41.715500 -1.0205100 32.2750015 1.20 02 0 0
000 255 255 255 -41.710800 -1.0288100 28.3707008 1.20 02 0 0
255 028 097 255 -41.715500 -1.0205100 24.4235001 1.20 02 0 0
000 255 255 255 -41.710800 -1.0288100 20.7525005 1.20 02 0 0
255 028 097 255 -41.715500 -1.0205100 16.9190006 1.20 02 0 0
000 255 255 255 -41.710800 -1.0288100 12.8702002 1.20 02 0 0
255 028 097 255 -41.715500 -1.0205100 8.79798031 1.20 02 0 0
000 255 255 255 -41.710800 -1.0288100 5.30249977 1.20 02 0 0
255 028 097 255 -39.518799 -2.9095500 32.2750015 1.20 02 0 0
000 255 255 255 -39.459801 -2.9394500 28.3707008 1.20 02 0 0
255 028 097 255 -39.518799 -2.9095500 24.4235001 1.20 02 0 0
000 255 255 255 -39.459801 -2.9394500 20.7525005 1.20 02 0 0
255 028 097 255 -39.518799 -2.9095500 16.9190006 1.20 02 0 0
000 255 255 255 -39.459801 -2.9394500 12.8702002 1.20 02 0 0
255 028 097 255 -39.518799 -2.9095500 8.79798031 1.20 02 0 0
000 255 255 255 -39.459801 -2.9394500 5.30249977 1.20 02 0 0
%underlight2
255 255 192 255 0.12422900 -0.0763441 -0.1054120 1.20 00 0 0
255 255 192 255 11.6370001 40.0197983 -0.1061440 1.20 00 0 0
255 255 192 255 21.7642994 76.8788986 -0.0940113 1.20 00 0 0
%underlight3
255 255 192 255 11.3683004 22.3731995 -0.1054120 1.20 00 0 0
255 255 192 255 0.35937601 -0.1797890 -0.1181850 1.20 00 0 0
255 255 192 255 -10.895400 -22.343800 -0.0932007 1.20 00 0 0
%broadwaybuild
255 255 255 255 -11.616500 19.9262009 -8.5777502 1.20 02 0 0
200 255 255 255 -12.607500 17.4006004 -8.5777502 1.20 02 0 0
255 255 255 255 -9.4750700 15.5601997 -8.5777502 1.20 02 0 0
200 255 255 255 -5.5828700 13.7545996 -8.5777502 1.20 02 0 0
255 255 255 255 -1.1174200 11.5566998 -8.5777502 1.20 02 0 0
255 255 255 255 2.88578010 9.53417969 -8.5777502 1.20 02 0 0
255 255 255 255 6.34376001 7.92119980 -8.5777502 1.20 02 0 0
255 255 255 255 7.72337008 10.3198004 -8.5777502 1.20 02 0 0
200 255 255 255 -17.065300 -6.1350098 -11.503400 0.50 02 0 0
255 023 023 255 -17.065300 -6.1350098 -12.417100 0.50 02 0 0
200 255 255 255 -17.065300 -6.1350098 -13.360200 0.50 02 0 0
255 023 023 255 -17.097000 -6.2186298 -14.328200 0.50 02 0 0
200 255 255 255 -17.084700 -6.1339102 -15.221500 0.50 02 0 0
255 023 023 255 -18.234400 -5.6475801 -15.221900 0.50 02 0 0
200 255 255 255 -19.336800 -5.0483398 -15.222500 0.50 02 0 0
255 023 023 255 -20.519199 -4.5070801 -15.236900 0.50 02 0 0
200 255 255 255 -21.682501 -3.9007599 -15.216400 0.50 02 0 0
255 023 023 255 -21.744499 -3.8784201 -14.320300 0.50 02 0 0
200 255 255 255 -21.744499 -3.8784201 -13.391000 0.50 02 0 0
255 023 023 255 -21.744499 -3.8784201 -12.434900 0.50 02 0 0
200 255 255 255 -21.682501 -3.9007599 -11.453000 0.50 02 0 0
255 023 023 255 -20.570999 -4.4545898 -11.453000 0.50 02 0 0
200 255 255 255 -19.412300 -5.0747099 -11.453000 0.50 02 0 0
255 023 023 255 -18.235399 -5.6428199 -11.453000 0.50 02 0 0
255 000 114 255 -27.493799 27.0739002 -5.1037798 1.20 02 0 0
255 000 114 255 -27.493799 27.0739002 -3.4416001 1.20 02 0 0
255 000 114 255 -27.493799 27.0739002 -1.6901600 1.20 02 0 0
255 000 114 255 -27.493799 27.0739002 0.08079750 1.20 02 0 0
255 000 114 255 -27.493799 27.0739002 1.95011997 1.20 02 0 0
255 000 114 255 -27.493799 27.0739002 3.75436997 1.20 02 0 0
255 000 114 255 -27.493799 27.0739002 5.45227003 1.20 02 0 0
255 136 136 255 45.4305992 19.6075001 4.30471992 1.20 02 0 0
255 248 136 255 45.6926994 7.75891018 4.30471992 1.20 02 0 0
144 255 136 255 45.8755989 -4.1973901 4.30471992 1.20 02 0 0
136 254 255 255 37.0163994 -9.8441200 4.30471992 1.20 02 0 0
255 136 245 255 26.4820004 -4.3940401 4.30471992 1.20 02 0 0
164 255 136 255 15.8563004 1.09595001 4.30471992 1.20 02 0 0
255 255 255 255 -20.690500 24.1147995 -9.8021803 1.20 02 0 0
255 255 255 255 -21.945200 22.4466991 -9.8021803 1.20 02 0 0
255 255 255 255 -24.113701 23.2535992 -9.8021803 1.20 02 0 0
255 255 255 255 -26.474300 24.3624001 -9.8021803 1.20 02 0 0
255 255 255 255 -28.896799 25.5993004 -9.8021803 1.20 02 0 0
255 255 255 255 -31.882799 27.1151009 -9.8021803 1.20 02 0 0
255 255 255 255 -34.394001 28.5907001 -9.8021803 1.20 02 0 0
255 255 255 255 -33.626999 30.6068993 -9.8021803 1.20 02 0 0
255 000 114 255 -20.632900 -3.4571500 13.2694998 1.20 02 0 0
255 000 114 255 -23.757500 -1.7919900 13.2694998 1.20 02 0 0
255 000 114 255 -26.851900 -0.4427470 13.2694998 1.20 02 0 0
255 000 114 255 -28.703400 0.64111501 13.2694998 1.20 02 0 0
255 000 114 255 -30.713600 1.62134004 13.2694998 1.20 02 0 0
255 000 114 255 -33.685501 2.98559999 13.2694998 1.20 02 0 0
%billbrd_opra
255 255 255 255 -2.7650399 -3.1043701 4.97184992 1.00 00 0 0
255 255 255 255 -5.6434202 -8.6536903 4.97184992 1.00 00 0 0
255 255 255 255 0.58489197 4.24254990 4.97184992 1.00 00 0 0
255 255 255 255 3.52432990 9.86145020 4.97184992 1.00 00 0 0
%art_glry_bboard
255 255 255 255 -7.9810901 4.31250000 3.01429009 1.00 00 0 0
255 255 255 255 3.74956989 -0.2573240 3.01429009 1.00 00 0 0
255 255 255 255 8.89881992 -2.4140601 3.01429009 1.00 00 0 0
%comerside_subway
255 255 255 255 -11.508100 0.42404199 5.79330015 1.00 00 0 0
255 255 255 255 1.54443002 0.42404199 5.96017981 1.00 00 0 0
255 255 255 255 16.3062000 0.42404199 6.36755991 1.00 00 0 0
255 255 255 255 -6.7966299 1.06244004 -0.6177460 1.00 00 0 0
255 255 255 255 -7.5107398 7.12366009 -0.8758860 1.00 00 0 0
255 255 255 255 -7.5107398 14.3261995 -1.5340800 1.00 00 0 0
255 255 255 255 -7.5107398 20.2653008 -1.5340800 1.00 00 0 0
255 255 255 255 -19.963600 -13.717800 6.89189005 1.00 00 0 0
255 255 255 255 -16.555201 -7.2607002 6.85896015 1.00 00 0 0
255 255 255 255 -9.7393799 -7.3165398 6.85477018 1.00 00 0 0
255 255 255 255 -13.336200 -13.630100 6.87115002 1.00 00 0 0
255 255 255 255 -16.574100 -19.641199 6.86578989 1.00 00 0 0
255 255 255 255 -9.6951904 -19.697001 6.86848021 1.00 00 0 0
255 255 255 255 16.3062000 1.81822002 6.36755991 1.00 00 0 0
255 255 255 255 1.54443002 1.81822002 5.96017981 1.00 00 0 0
255 255 255 255 -11.508100 1.81822002 5.79330015 1.00 00 0 0
255 255 255 255 -6.2725801 20.2653008 -1.5340800 1.00 00 0 0
255 255 255 255 -6.2725801 14.3261995 -1.5340800 1.00 00 0 0
255 255 255 255 -6.2725801 7.12366009 -0.8758860 1.00 00 0 0
255 255 255 255 -9.7393799 -8.4770498 6.85477018 1.00 00 0 0
255 255 255 255 -16.555201 -8.4211998 6.85896015 1.00 00 0 0
255 255 255 255 -13.336200 -14.790600 6.87115002 1.00 00 0 0
255 255 255 255 -19.963600 -14.878300 6.89189005 1.00 00 0 0
255 255 255 255 -16.574100 -20.801701 6.86578989 1.00 00 0 0
255 255 255 255 -9.6951904 -20.857500 6.86848021 1.00 00 0 0
%underlight1
255 255 192 255 -21.370199 -32.586102 -0.0815748 1.20 00 0 0
255 255 192 255 0.26039100 -0.1556840 -0.1069160 1.20 00 0 0
255 255 192 255 16.1072006 37.8950996 -0.1069160 1.20 00 0 0
255 255 192 255 35.4030991 82.6370010 -0.1069160 1.00 00 0 0
%calahan_bboard
255 255 255 255 3.74956989 -0.2573400 3.01429009 1.00 00 0 0
255 255 255 255 -7.9811201 4.31250000 3.01429009 1.00 00 0 0
255 255 255 255 8.89879036 -2.4140699 3.01429009 1.00 00 0 0
%New_Colmansn
255 255 255 255 -2.9354899 -10.842200 -8.4004402 1.00 00 0 0
255 255 255 255 2.87579012 -10.842200 -8.4004402 1.00 00 0 0
%apair_terminal
017 255 023 255 -0.1751670 -0.6723380 92.6918030 1.00 00 0 0
%apterminalfront
200 200 200 255 -36.782001 -51.768799 -17.860100 1.20 00 0 0
200 200 200 255 -36.782001 3.07206988 -17.860100 1.20 00 0 0
200 200 200 255 -36.870800 62.6353989 -17.860100 1.20 00 0 0
%air_brway_03
255 255 255 255 139.699005 -15.942100 0.82054102 1.00 00 0 0
255 255 255 255 99.6990967 -15.942100 0.60981899 1.00 00 0 0
255 255 255 255 59.6991005 -15.942100 0.42682600 1.00 00 0 0
255 000 000 255 139.699005 -0.0056152 0.23529600 1.00 00 0 0
255 000 000 255 99.6990967 -0.0056152 0.02457430 1.00 00 0 0
255 000 000 255 59.6991005 -0.0056152 -0.1584190 1.00 00 0 0
255 000 000 255 19.6991005 -0.0056152 -0.1627310 1.00 00 0 0
255 000 000 255 -20.300900 -0.0056152 -0.1439230 1.00 00 0 0
255 000 000 255 -60.300900 -0.0056152 -0.1432500 1.00 00 0 0
255 000 000 255 -100.30100 -0.0056152 -0.1428780 1.00 00 0 0
255 000 000 255 -140.30099 -0.0056152 -0.1480310 1.00 00 0 0
255 000 000 255 -180.30099 -0.0056152 -0.1228280 1.00 00 0 0
255 255 255 255 -180.30099 15.7595997 0.46241799 1.00 00 0 0
255 255 255 255 -140.30099 15.7595997 0.43721399 1.00 00 0 0
255 255 255 255 19.6991005 -15.942100 0.42251399 1.00 00 0 0
255 255 255 255 -140.30099 -15.942100 0.43721399 1.00 00 0 0
255 255 255 255 -180.30099 -15.942100 0.46241799 1.00 00 0 0
255 255 255 255 -20.300900 -15.942100 0.44132200 1.00 00 0 0
255 255 255 255 -60.300900 -15.942100 0.44199601 1.00 00 0 0
255 255 255 255 -100.30100 -15.942100 0.44236800 1.00 00 0 0
255 255 255 255 59.6990013 15.7595997 0.42682600 1.00 00 0 0
255 255 255 255 19.6989994 15.7595997 0.42251399 1.00 00 0 0
255 255 255 255 -20.301001 15.7595997 0.44132200 1.00 00 0 0
255 255 255 255 99.6989975 15.7595997 0.60981899 1.00 00 0 0
255 255 255 255 179.699005 -15.942100 0.84428197 1.00 00 0 0
255 255 255 255 139.699005 15.7595997 0.82054102 1.00 00 0 0
255 255 255 255 179.699005 15.7595997 0.85189998 1.00 00 0 0
255 000 000 255 179.699005 -0.0056152 0.28424200 1.00 00 0 0
255 255 255 255 -100.30100 15.7595997 0.44236800 1.00 00 0 0
255 255 255 255 -60.300999 15.7595997 0.44199601 1.00 00 0 0
%air_srway_02
255 255 255 255 33.9001007 4.03162003 0.61711401 1.00 00 0 0
255 000 000 255 65.0819016 -25.569901 0.03186890 1.00 00 0 0
255 000 000 255 27.9944992 -10.585700 0.03186890 1.00 00 0 0
255 000 000 255 -9.0927696 4.39868021 0.03186890 1.00 00 0 0
255 000 000 255 -46.180199 19.3829002 0.03186890 1.00 00 0 0
255 000 000 255 -83.267601 34.3670998 0.03186890 1.00 00 0 0
255 000 000 255 -120.35500 49.3513985 0.03186890 1.00 00 0 0
255 255 255 255 -114.44900 63.9686012 0.61711401 1.00 00 0 0
255 255 255 255 -77.361801 48.9845009 0.61711401 1.00 00 0 0
255 255 255 255 -40.274502 34.0000992 0.61711401 1.00 00 0 0
255 255 255 255 -3.1872599 19.0158997 0.61711401 1.00 00 0 0
255 000 000 255 102.168999 -40.554199 0.03186890 1.00 00 0 0
255 255 255 255 70.9873962 -10.952600 0.61711401 1.00 00 0 0
255 255 255 255 108.074997 -25.936899 0.61711401 1.00 00 0 0
255 255 255 255 -126.32500 34.5752983 0.61711401 1.00 00 0 0
255 255 255 255 -89.237396 19.5909004 0.61711401 1.00 00 0 0
255 255 255 255 -52.150101 4.60681009 0.61711401 1.00 00 0 0
255 255 255 255 -15.062700 -10.377400 0.61711401 1.00 00 0 0
255 255 255 255 22.0247002 -25.361700 0.61711401 1.00 00 0 0
255 255 255 255 59.1119003 -40.346100 0.61711401 1.00 00 0 0
255 255 255 255 96.1993027 -55.330299 0.61711401 1.00 00 0 0
%air_brway_01
255 255 255 255 16.6828995 15.6337004 0.65495700 1.00 00 0 0
255 000 000 255 96.6829987 -0.1315920 0.04583640 1.00 00 0 0
255 000 000 255 56.6829987 -0.1315920 0.05623340 1.00 00 0 0
255 000 000 255 16.6830006 -0.1315920 0.07598690 1.00 00 0 0
255 000 000 255 -23.316999 -0.1315920 0.07605080 1.00 00 0 0
255 000 000 255 -63.317001 -0.1315920 0.07637210 1.00 00 0 0
255 000 000 255 -103.31700 -0.1315920 0.07598300 1.00 00 0 0
255 000 000 255 -143.31700 -0.1315920 0.08044240 1.00 00 0 0
255 255 255 255 -143.31700 15.6337004 0.65210700 1.00 00 0 0
255 255 255 255 -103.31700 15.6337004 0.63011003 1.00 00 0 0
255 255 255 255 -63.317101 15.6337004 0.64126599 1.00 00 0 0
255 255 255 255 -23.317101 15.6337004 0.64837003 1.00 00 0 0
255 000 000 255 136.682999 -0.1315920 -0.1452990 1.00 00 0 0
255 255 255 255 56.6828995 15.6337004 0.64147902 1.00 00 0 0
255 255 255 255 96.6828995 15.6337004 0.63108200 1.00 00 0 0
255 255 255 255 136.682999 15.6337004 0.43994600 1.00 00 0 0
255 255 255 255 -143.31700 -16.068100 0.66562700 1.00 00 0 0
255 255 255 255 -103.31700 -16.068100 0.63076103 1.00 00 0 0
255 255 255 255 -63.317001 -16.068100 0.64553499 1.00 00 0 0
255 255 255 255 -23.316999 -16.068100 0.64791000 1.00 00 0 0
255 255 255 255 16.6830006 -16.068100 0.64032602 1.00 00 0 0
255 255 255 255 56.6829987 -16.068100 0.64147902 1.00 00 0 0
255 255 255 255 96.6829987 -16.068100 0.63108200 1.00 00 0 0
255 255 255 255 136.682999 -16.068100 0.43994600 1.00 00 0 0
%air_brway_02
255 255 255 255 29.3488998 15.6337004 0.62600303 1.00 00 0 0
255 000 000 255 109.348999 -0.1315920 0.07608320 1.00 00 0 0
255 000 000 255 69.3489990 -0.1315920 0.07713700 1.00 00 0 0
255 000 000 255 29.3490009 -0.1315920 0.07553580 1.00 00 0 0
255 000 000 255 -10.651000 -0.1315920 0.07765770 1.00 00 0 0
255 000 000 255 -50.651001 -0.1315920 0.07807350 1.00 00 0 0
255 000 000 255 -90.651001 -0.1315920 0.07159520 1.00 00 0 0
255 255 255 255 109.348999 15.6337004 0.64923900 1.00 00 0 0
255 255 255 255 109.348999 -16.068100 0.64531797 1.00 00 0 0
255 255 255 255 -90.651100 15.6337004 0.65401900 1.00 00 0 0
255 255 255 255 -50.651100 15.6337004 0.65661001 1.00 00 0 0
255 255 255 255 -10.651100 15.6337004 0.61735499 1.00 00 0 0
255 255 255 255 69.3488998 15.6337004 0.65348601 1.00 00 0 0
255 255 255 255 69.3489990 -16.068100 0.64954901 1.00 00 0 0
255 255 255 255 -10.651000 -16.068100 0.64919603 1.00 00 0 0
255 255 255 255 -50.651001 -16.068100 0.64958102 1.00 00 0 0
255 255 255 255 -90.651001 -16.068100 0.65756702 1.00 00 0 0
255 255 255 255 29.3490009 -16.068100 0.60647100 1.00 00 0 0
255 000 000 255 149.348999 -0.1315920 0.08692170 1.00 00 0 0
255 255 255 255 -130.65100 15.6337004 0.63577199 1.00 00 0 0
255 255 255 255 -130.65100 -16.068100 0.65571302 1.00 00 0 0
255 000 000 255 -130.65100 -0.1315920 0.07002640 1.00 00 0 0
255 255 255 255 149.348999 15.6337004 0.63665801 1.00 00 0 0
255 255 255 255 149.348999 -16.068100 0.64439797 1.00 00 0 0
%air_srway_01
255 255 255 255 22.0084000 8.19909954 0.61711401 1.00 00 0 0
255 000 000 255 90.2776031 -36.386799 0.03186890 1.00 00 0 0
255 000 000 255 53.1902008 -21.402599 0.03186890 1.00 00 0 0
255 000 000 255 16.1028996 -6.4183302 0.03186890 1.00 00 0 0
255 000 000 255 -20.984501 8.56591988 0.03186890 1.00 00 0 0
255 000 000 255 -58.071800 23.5503006 0.03186890 1.00 00 0 0
255 000 000 255 -95.159302 38.5345001 0.03186890 1.00 00 0 0
255 255 255 255 133.270996 -36.753799 0.61711401 1.00 00 0 0
255 255 255 255 -138.21700 38.7426987 0.61711401 1.00 00 0 0
255 255 255 255 -89.253502 53.1519012 0.61711401 1.00 00 0 0
255 255 255 255 -52.166302 38.1675987 0.61711401 1.00 00 0 0
255 255 255 255 -15.078900 23.1833000 0.61711401 1.00 00 0 0
255 000 000 255 127.364998 -51.371101 0.03186890 1.00 00 0 0
255 255 255 255 59.0957985 -6.7851601 0.61711401 1.00 00 0 0
255 255 255 255 96.1830978 -21.769400 0.61711401 1.00 00 0 0
255 255 255 255 -26.954500 -6.2100801 0.61711401 1.00 00 0 0
255 255 255 255 -101.12900 23.7584000 0.61711401 1.00 00 0 0
255 255 255 255 -64.041901 8.77416992 0.61711401 1.00 00 0 0
255 255 255 255 84.3076019 -51.162998 0.61711401 1.00 00 0 0
255 255 255 255 10.1328001 -21.194500 0.61711401 1.00 00 0 0
255 255 255 255 47.2202988 -36.178699 0.61711401 1.00 00 0 0
255 255 255 255 121.394997 -66.147202 0.61711401 1.00 00 0 0
255 000 000 255 -132.24699 53.5187988 0.03186890 1.00 00 0 0
255 255 255 255 -126.34100 68.1361008 0.61711401 1.00 00 0 0
%Airportroad06
255 000 000 255 -47.117100 -10.394300 0.12778901 1.00 00 0 0
255 000 000 255 -47.117100 24.2779999 0.12778901 1.00 00 0 0
255 000 000 255 -39.104599 57.3376007 0.12778901 1.00 00 0 0
255 000 000 255 -5.3696299 63.7429008 0.12778901 1.00 00 0 0
255 000 000 255 32.2556000 63.7429008 0.12778901 1.00 00 0 0
255 000 000 255 -47.117100 -46.384300 0.12778901 1.00 00 0 0
%subplatform_sub
255 255 255 255 -5.7708702 -10.335800 3.36158991 1.00 00 0 0
255 255 255 255 4.16870022 -9.0771503 3.36158991 1.00 00 0 0
255 255 255 255 4.16870022 -10.335800 3.36158991 1.00 00 0 0
255 255 255 255 14.3322001 -8.6486797 3.34490991 1.00 00 0 0
255 255 255 255 14.3322001 0.70397902 3.35487008 1.00 00 0 0
255 255 255 255 15.7263002 0.70397902 3.35487008 1.00 00 0 0
255 255 255 255 15.7263002 -8.6486797 3.34490991 1.00 00 0 0
255 255 255 255 -5.0897198 -0.0939941 3.29600000 1.00 00 0 0
255 255 255 255 -5.0897198 1.43596995 3.29600000 1.00 00 0 0
%subentrance_sub1
255 255 255 255 -13.066000 -28.693899 -7.9844699 1.00 00 0 0
255 255 255 255 -8.2573204 -28.693899 -7.9844699 1.00 00 0 0
255 255 255 255 -8.2573204 -18.765600 -3.3928199 1.00 00 0 0
255 255 255 255 -13.066000 -18.765600 -3.3928199 1.00 00 0 0
255 255 255 255 -5.4901700 -6.8716998 2.81855011 1.00 00 0 0
255 255 255 255 -13.376500 -6.8716998 2.81855011 1.00 00 0 0
255 255 255 255 -13.376500 -8.7664204 2.81855011 1.00 00 0 0
255 255 255 255 -5.4901700 -8.7664204 2.81855011 1.00 00 0 0
%Airportroad02
255 000 000 255 -83.293900 8.34644032 1.33124995 1.00 00 0 0
255 000 000 255 -2.1928699 -8.0484600 1.33124995 1.00 00 0 0
255 000 000 255 -56.256302 3.16486001 1.33124995 1.00 00 0 0
255 000 000 255 -29.224100 -7.9542198 1.33124995 1.00 00 0 0
255 000 000 255 -110.27900 8.39153957 1.33124995 1.00 00 0 0
%Airportroad03
255 000 000 255 -33.763901 -0.1256410 0.12778901 1.00 00 0 0
255 000 000 255 -14.526200 25.2122993 0.12778901 1.00 00 0 0
255 000 000 255 12.5101004 36.9192009 0.12778901 1.00 00 0 0
255 000 000 255 -33.763901 -27.147600 0.12778901 1.00 00 0 0
255 000 000 255 39.4967995 48.2603989 0.12778901 1.00 00 0 0
%Airportroad04
255 000 000 255 -7.9377398 -7.8234301 0.12778901 1.00 00 0 0
255 000 000 255 11.5535002 14.0646000 0.12778901 1.00 00 0 0
%Airportroad05
255 000 000 255 3.64513993 -14.898800 0.12778901 1.00 00 0 0
255 000 000 255 3.66895008 13.5073996 0.12778901 1.00 00 0 0
255 000 000 255 -24.727301 13.5073996 0.12778901 1.00 00 0 0
%Airportroad01
255 000 000 255 19.4566994 -45.868099 0.12778901 1.00 00 0 0
255 000 000 255 20.1737995 -15.143600 0.12778901 1.00 00 0 0
255 000 000 255 -7.6232901 -63.962200 0.12778901 1.00 00 0 0
255 000 000 255 20.1737995 46.4427986 0.12778901 1.00 00 0 0
255 000 000 255 20.1737995 12.4982004 0.12778901 1.00 00 0 0
%Airportroad07
255 000 000 255 64.3433990 9.72632027 0.12778901 1.00 00 0 0
255 000 000 255 -0.8491210 9.72632027 0.12778901 1.00 00 0 0
255 000 000 255 -29.245399 9.72632027 0.12778901 1.00 00 0 0
255 000 000 255 -87.521103 -3.6580801 0.12778901 1.00 00 0 0
255 000 000 255 31.1714001 9.72632027 0.12778901 1.00 00 0 0
255 000 000 255 -60.769001 9.72632027 0.12778901 1.00 00 0 0
%Airportroad08
255 000 000 255 19.3441010 -4.5495000 0.12778901 1.00 00 0 0
255 000 000 255 -13.471800 0.65258801 0.12778901 1.00 00 0 0
%Airportroad09
255 000 000 255 57.5541000 -0.1914670 0.12778901 1.00 00 0 0
255 000 000 255 -7.1416001 -0.1914670 0.12778901 1.00 00 0 0
255 000 000 255 26.0303993 -0.1914670 0.12778901 1.00 00 0 0
255 000 000 255 -39.162102 -0.1914670 0.12778901 1.00 00 0 0
%Airportroad10
255 000 000 255 0.03796390 9.90851021 0.12778901 1.00 00 0 0
255 000 000 255 0.03796390 39.6389008 0.12778901 1.00 00 0 0
255 000 000 255 0.03796390 -21.947399 0.12778901 1.00 00 0 0
255 000 000 255 0.03796390 -51.677898 0.12778901 1.00 00 0 0
%Airportroad11
255 000 000 255 -9.3189697 -35.119598 0.12778901 1.00 00 0 0
255 000 000 255 29.0646992 -35.119598 0.12778901 1.00 00 0 0
255 000 000 255 59.8778000 -21.216999 0.12778901 1.00 00 0 0
255 000 000 255 60.7891998 9.37500000 0.12778901 1.00 00 0 0
255 000 000 255 -48.986000 -35.119598 0.12778901 1.00 00 0 0
255 000 000 255 60.7891998 37.3828011 0.12778901 1.00 00 0 0
%Police_Station_Sub
255 255 255 255 18.3479996 13.3761997 2.06022000 1.00 00 0 0
255 255 255 255 18.3479996 8.90155983 2.06022000 1.00 00 0 0
255 255 255 255 18.3479996 -8.3428602 2.06022000 1.00 00 0 0
255 255 255 255 18.3479996 -12.787200 2.06022000 1.00 00 0 0
%Otherside_subway
255 255 255 255 1.54448998 0.42407200 5.96017981 1.00 00 0 0
255 255 255 255 -16.574100 -20.801701 6.86578989 1.00 00 0 0
255 255 255 255 16.3062000 1.81824005 6.36755991 1.00 00 0 0
255 255 255 255 -19.963699 -13.717800 6.89189005 1.00 00 0 0
255 255 255 255 1.54448998 1.81824005 5.96017981 1.00 00 0 0
255 255 255 255 -19.963699 -14.878300 6.89189005 1.00 00 0 0
255 255 255 255 -6.7966299 1.06244004 -0.6177450 1.00 00 0 0
255 255 255 255 -7.5106802 14.3261995 -0.8758860 1.00 00 0 0
255 255 255 255 16.3062000 0.42407200 6.36755991 1.00 00 0 0
255 255 255 255 -16.555201 -7.2606802 6.85896015 1.00 00 0 0
255 255 255 255 -7.5106802 7.12366009 -0.8758860 1.00 00 0 0
255 255 255 255 -13.336200 -13.630100 6.87115002 1.00 00 0 0
255 255 255 255 -16.574100 -19.641199 6.86578989 1.00 00 0 0
255 255 255 255 -9.7393198 -8.4770498 6.85477018 1.00 00 0 0
255 255 255 255 -11.508100 1.81824005 5.79330015 1.00 00 0 0
255 255 255 255 -9.7393198 -7.3165302 6.85477018 1.00 00 0 0
255 255 255 255 -6.2725801 14.3261995 -0.8758860 1.00 00 0 0
255 255 255 255 -9.6952496 -20.857500 6.86848021 1.00 00 0 0
255 255 255 255 -9.6952496 -19.697001 6.86848021 1.00 00 0 0
255 255 255 255 -16.555201 -8.4211998 6.85896015 1.00 00 0 0
255 255 255 255 -13.336200 -14.790600 6.87115002 1.00 00 0 0
255 255 255 255 -11.508100 0.42407200 5.79330015 1.00 00 0 0
255 255 255 255 -6.2725801 7.12366009 -0.8758860 1.00 00 0 0
255 255 255 255 -6.2725801 20.2653008 -0.8758860 1.00 00 0 0
255 255 255 255 -7.5106802 20.2653008 -0.8758860 1.00 00 0 0
%Subestatebuild1
255 255 255 255 12.7524004 0.16284500 4.01740980 1.00 00 0 0
255 255 255 255 12.7525997 1.65331995 4.01740980 1.00 00 0 0
255 255 255 255 14.5907001 1.59765995 4.01740980 1.00 00 0 0
255 255 255 255 14.5907001 0.10742100 4.01740980 1.00 00 0 0
%airtower1
255 024 024 255 0.01647950 37.3965988 25.1622009 1.00 00 0 0
%airtower2
255 024 024 255 -0.4616700 -31.655800 26.7003002 1.00 00 0 0
%cutscenevan1
255 255 255 255 0.42974901 58.0134010 -0.6855770 1.00 00 0 0
255 255 255 255 -0.9104000 58.0172997 -0.6855770 1.00 00 0 0
%subind_build04
255 255 255 255 8.52770996 -0.3715600 1.07008004 1.00 00 0 0
255 255 255 255 0.70898801 -0.3715610 1.07008004 1.00 00 0 0
255 255 255 255 0.70898801 1.12679005 1.07008004 1.00 00 0 0
255 255 255 255 8.52770996 1.12679005 1.07008004 1.00 00 0 0
255 255 255 255 12.5918999 1.12679005 1.07008004 1.00 00 0 0
255 255 255 255 12.5918999 -0.3715600 1.07008004 1.00 00 0 0
255 255 255 255 -3.3552201 -0.3715610 1.07008004 1.00 00 0 0
255 255 255 255 -3.3552201 1.12679005 1.07008004 1.00 00 0 0
%subind_build05
255 255 255 255 3.49169993 -0.8237830 1.07008004 1.00 00 0 0
255 255 255 255 3.49169993 0.67456901 1.07008004 1.00 00 0 0
255 255 255 255 -0.5725100 -0.8237830 1.07008004 1.00 00 0 0
255 255 255 255 -0.5725100 0.67456901 1.07008004 1.00 00 0 0
%learjet
255 255 255 255 7.67254019 1.22684002 -0.5362870 1.00 00 0 0
228 059 059 255 7.51039982 1.22800004 2.55157995 1.00 00 0 0
099 181 059 255 2.68066001 -6.2992902 -1.1438400 1.00 00 0 0
099 181 059 255 2.68066001 8.69567966 -1.1438400 1.00 00 0 0
255 255 255 255 -9.4449501 1.22684002 -2.5060101 1.00 00 0 0
%helipolice
255 255 255 255 -0.0342283 -7.4241900 -0.1146070 1.00 00 0 0
255 255 255 255 2.17422009 -7.4241900 -0.1146070 1.00 00 0 0
212 069 050 255 1.07000005 -10.127600 1.41096997 1.00 00 0 0
255 255 255 255 1.07265997 -3.0804100 0.67001700 1.00 00 0 0
058 212 050 255 -0.0342293 2.84845996 -1.9468700 1.00 00 0 0
058 212 050 255 2.17422009 2.84845996 -1.9468700 1.00 00 0 0
%luggage
231 212 082 255 -2.2984099 -0.0149384 0.78962499 1.00 00 0 0
%Helipad
255 000 000 255 26.8805008 -17.239901 2.67283010 1.00 02 0 0
181 181 181 255 26.8600006 12.8184004 2.67283010 1.00 02 0 0
255 000 000 255 -6.7072001 12.8184004 2.67283010 1.00 02 0 0
181 181 181 255 -6.6778698 -17.274300 2.67283010 1.00 02 0 0
%additional_coronas
255 000 000 255 225.823000 -1554.6000 461.855000 0.70 00 1 0
255 000 000 255 277.323000 -1530.9000 461.855000 0.70 00 1 0
255 000 000 255 289.423000 -1434.6000 461.855000 0.70 00 1 0
255 000 000 255 276.523000 -1411.9000 461.855000 0.70 00 1 0
255 000 000 255 216.623000 -1411.9000 461.855000 0.70 00 1 0
255 000 000 255 206.723000 -1429.2000 461.855000 0.70 00 1 0
255 000 000 255 207.223000 -1475.6000 461.855000 0.70 00 1 0
255 000 000 255 262.954000 -1353.9700 298.755000 0.70 00 1 0
255 000 000 255 262.958000 -1303.7200 298.755000 0.70 00 1 0
255 000 000 255 223.264000 -1303.6700 298.755000 0.70 00 1 0
255 000 000 255 223.256000 -1353.9200 298.755000 0.70 00 1 0
255 145 000 255 100.484000 -1365.0000 416.956000 2.00 00 1 0
255 000 000 255 400.353000 -328.01500 187.855000 1.00 00 1 0
255 000 000 255 26.6703000 -1161.4900 177.355000 0.70 00 1 0
255 000 000 255 -5.4137900 -1146.4000 176.955000 0.70 00 1 0
255 000 000 255 -39.829600 -1216.0000 176.955000 0.70 00 1 0
255 000 000 255 26.5036000 -1247.6300 177.355000 0.70 00 1 0
255 255 255 255 460.366000 -951.66900 48.3555000 1.20 00 1 0
255 255 255 255 460.366000 -908.26900 48.3555000 1.20 00 1 0
255 255 255 255 486.166000 -908.36900 56.2555000 1.20 00 1 0
255 255 255 255 486.166000 -951.76900 56.2555000 1.20 00 1 0
255 255 255 255 509.166000 -908.36900 66.2555000 1.20 00 1 0
255 255 255 255 509.166000 -951.76900 66.2555000 1.20 00 1 0
255 255 255 255 531.566000 -908.36900 77.7555000 1.20 00 1 0
255 255 255 255 531.566000 -951.76900 77.7555000 1.20 00 1 0
255 255 255 255 554.466000 -908.36900 93.9555000 1.20 00 1 0
255 255 255 255 554.466000 -951.76900 93.9555000 1.20 00 1 0
255 255 255 255 577.366000 -908.36900 114.356000 1.20 00 1 0
255 255 255 255 577.366000 -951.76900 114.356000 1.20 00 1 0
255 255 255 255 599.566000 -951.76900 139.155000 1.20 00 1 0
255 255 255 255 599.566000 -908.36900 139.155000 1.20 00 1 0
255 255 255 255 771.866000 -952.66900 48.3555000 1.20 00 1 0
255 255 255 255 771.366000 -909.26900 48.3555000 1.20 00 1 0
255 255 255 255 744.966000 -909.36900 56.7555000 1.20 00 1 0
255 255 255 255 745.466000 -952.76900 56.7555000 1.20 00 1 0
255 255 255 255 722.666000 -952.56900 65.6555000 1.20 00 1 0
255 255 255 255 722.166000 -909.16900 65.6555000 1.20 00 1 0
255 255 255 255 700.166000 -952.56900 78.2555000 1.20 00 1 0
255 255 255 255 699.666000 -909.16900 78.2555000 1.20 00 1 0
255 255 255 255 678.066000 -952.46900 93.7555000 1.20 00 1 0
255 255 255 255 677.566000 -909.06900 93.7555000 1.20 00 1 0
255 255 255 255 654.466000 -952.26900 113.856000 1.20 00 1 0
255 255 255 255 653.966000 -908.86900 113.855000 1.20 00 1 0
255 255 255 255 632.466000 -952.46900 139.155000 1.20 00 1 0
255 255 255 255 631.966000 -909.06900 139.155000 1.20 00 1 0
#place you coronas here
