#%modelname
#Red, Green, Blue, Alpha, OffsetX, OffsetY, OffsetZ, CustomSize, BlinkType, NoDistance, DrawSearchlight
#0.45 - custom size reserved for traffic lights

%helix_barrier
228 145 000 255 14.1482000 0.03039550 0.98691899 1.20 00 0 0
228 145 000 255 -9.1780701 0.03039550 0.98691899 1.20 00 0 0
228 145 000 255 10.8648005 0.03039550 0.98691899 1.20 00 0 0
228 145 000 255 9.08504009 0.03039550 0.98691899 1.20 00 0 0
228 145 000 255 5.74976015 0.03039550 0.98691899 1.20 00 0 0
228 145 000 255 -5.7815299 0.03039550 0.98691899 1.20 00 0 0
228 145 000 255 -10.929900 0.03039550 0.98691899 1.20 00 0 0
228 145 000 255 -14.237100 0.03039550 0.98691899 1.20 00 0 0
%mine
255 000 000 255 0.00000000 -0.0069227 0.07920430 1.00 02 0 0
%bollardlight
255 255 255 255 -0.0257463 -0.0584068 0.31920901 0.75 00 0 1
%lampost_coast
255 255 255 255 0.64504200 0.00001527 4.41736984 1.00 00 0 1
%lamppost3
255 148 052 255 -1.4057500 0.20891000 3.67025995 1.20 00 0 1
%Streetlamp2
255 255 255 255 -0.3400040 0.01872250 2.64116001 1.00 00 0 0
255 255 255 255 0.53780901 0.01872250 2.64116001 1.00 00 0 0
%Streetlamp1
255 255 255 255 -0.0298080 0.02392910 2.73922992 1.00 00 0 0
%bouy
255 000 000 255 0.03591540 0.05842020 10.2748003 1.20 03 0 0
255 000 000 255 0.03591540 0.05842020 12.5429001 1.00 00 0 0
%barrelexpos
255 059 059 255 -0.0029871 -0.2660580 0.18544500 0.30 02 0 0
%BillBd1
255 255 255 255 -1.9267499 1.89177001 2.49039006 0.70 00 0 0
255 255 255 255 -1.8432699 3.82529998 2.48640990 0.70 00 0 0
255 255 255 255 -1.9207799 -0.5892370 2.48640990 0.70 00 0 0
255 255 255 255 -1.9261900 -2.8593800 2.48640990 0.70 00 0 0
255 255 255 255 -1.8474100 -5.0218501 2.48640990 0.70 00 0 0
255 255 255 255 -1.8879499 -7.1677699 2.48640990 0.70 00 0 0
%BillBd3
255 255 255 255 -1.8275501 6.97197008 2.14100003 0.70 00 0 0
255 255 255 255 -1.8836900 4.32293987 2.14416003 0.70 00 0 0
255 255 255 255 -1.8901100 1.55204999 2.14695001 0.70 00 0 0
255 255 255 255 -1.8836000 -1.3345701 2.14364004 0.70 00 0 0
255 255 255 255 -1.9031800 -4.1181202 2.15267992 0.70 00 0 0
255 255 255 255 -1.8862600 -6.7816701 2.14445996 0.70 00 0 0
%MTraffic2
255 000 000 255 1.10466003 -0.3851550 3.00467992 0.45 00 0 0
255 128 000 255 1.12293994 -0.3853150 2.53018999 0.45 00 0 0
000 255 000 255 1.15081000 -0.3855590 2.05238008 0.45 00 0 0
255 000 000 255 -11.087100 0.79736298 3.02967000 0.45 00 0 0
255 128 000 255 -11.064500 0.79716498 2.51111007 0.45 00 0 0
000 255 000 255 -11.068400 0.79720300 2.04667997 0.45 00 0 0
%MTraffic4
255 000 000 255 -0.0602188 0.27248400 0.53593600 0.45 00 0 0
255 128 000 255 -0.0365982 0.28676599 0.01606130 0.45 00 0 0
000 255 000 255 -0.0673351 0.27858001 -0.4781780 0.45 00 0 0
%BillBd2
255 255 255 255 -5.3959599 -4.2833500 1.26637006 0.70 00 0 0
255 255 255 255 -4.0204201 5.57400990 1.24161994 0.70 00 0 0
255 255 255 255 -4.2989502 3.69706988 1.25405002 0.70 00 0 0
255 255 255 255 -4.5276299 1.60658002 1.22984004 0.70 00 0 0
255 255 255 255 -4.8657198 -0.4358900 1.25980997 0.70 00 0 0
255 255 255 255 -5.1318998 -2.5197301 1.25373006 0.70 00 0 0
255 255 255 255 5.15804005 -4.3619800 1.22325003 0.70 00 0 0
255 255 255 255 4.64363003 -2.4187400 1.22581995 0.70 00 0 0
255 255 255 255 4.74233007 -0.6548610 1.27267003 0.70 00 0 0
255 255 255 255 4.34438992 1.66600001 1.22324002 0.70 00 0 0
255 255 255 255 4.12862015 3.58868003 1.22325003 0.70 00 0 0
255 255 255 255 4.10680008 5.58360004 1.28296006 0.70 00 0 0
%lamppost2
255 168 017 255 2.88123012 -0.0623951 5.42080021 1.20 00 0 1
255 168 017 255 -3.0561299 -0.0623951 5.42080021 1.20 00 0 1
%lamppost1
249 145 034 255 -0.4363920 0.04487710 3.20199990 1.20 00 0 1
%doublestreetlght1
167 255 242 255 2.71970010 1.03363001 4.80805016 1.20 00 0 1
%trafficlight1
255 000 000 255 -3.6842401 0.76924700 2.82931995 0.45 00 0 0
255 128 000 255 -3.6842401 0.76924700 2.48265004 0.45 00 0 0
000 255 000 255 -3.7151799 -0.4187160 3.16120005 0.45 00 0 0
255 000 000 255 -3.7151799 -0.4187160 2.82931995 0.45 00 0 0
255 128 000 255 -3.7151799 -0.4187160 2.48265004 0.45 00 0 0
000 255 000 255 -3.6842401 0.76924700 3.16120005 0.45 00 0 0
%MTraffic1
255 000 000 255 -1.4301000 0.84063298 2.58206010 0.45 00 0 0
255 128 000 255 -7.3056998 1.73421001 2.58453989 0.45 00 0 0
000 255 000 255 -1.0205200 0.84971601 2.58206010 0.45 00 0 0
255 000 000 255 -6.8909502 1.71421003 2.58453989 0.45 00 0 0
255 128 000 255 -0.6171760 0.82410401 2.58861995 0.45 00 0 0
000 255 000 255 -6.4876599 1.70841002 2.58453989 0.45 00 0 0
%mlamppost
255 148 052 255 -1.4074100 -0.0017738 4.09561014 1.20 00 0 1
%sub_floodlite
255 255 255 255 -1.5289000 0.10104400 13.8858004 1.00 00 0 1
255 255 255 255 1.52890003 0.10104400 13.8858004 1.00 00 0 1
%nt_roadblockCI
255 065 028 255 -4.7503200 0.75079298 -0.9219110 0.60 03 0 0
255 246 173 255 -5.6472201 1.12584996 1.95665002 0.60 03 0 0
255 246 173 255 -3.7181699 3.75439000 -0.9345720 0.60 03 0 0
255 065 028 255 -4.6120601 4.03870010 1.92165005 0.60 03 0 0
%lhroofst09
255 255 255 255 6.00207996 -2.4287701 3.18167996 1.00 00 0 0
255 255 255 255 -0.5218510 -1.0421100 3.18167996 1.00 00 0 0
255 255 255 255 -6.7089801 0.57849097 3.18167996 1.00 00 0 0
%lhroofst10
255 255 255 255 6.34241009 2.64960003 3.18167996 1.00 00 0 0
255 255 255 255 0.61169398 -1.0728101 3.18167996 1.00 00 0 0
255 255 255 255 -5.0446801 -4.0579200 3.18167996 1.00 00 0 0
%lhroofst12
255 255 255 255 4.55725002 4.57781982 3.18168998 1.00 00 0 0
255 255 255 255 0.92468297 -1.0158100 3.18168998 1.00 00 0 0
255 255 255 255 -2.6405599 -6.5058599 3.18168998 1.00 00 0 0
%lhroofst19
255 255 255 255 -6.5936399 -1.0625000 3.18168998 1.00 00 0 0
255 255 255 255 -0.0497472 -1.2338700 3.18168998 1.00 00 0 0
255 255 255 255 6.61759996 -1.4084300 3.18168998 1.00 00 0 0
%doontoon25
255 016 000 255 -62.003799 31.2544003 40.6171989 1.20 02 0 0
%doontoon32
255 255 255 255 -21.622601 -27.120100 -20.343500 1.00 00 0 0
255 255 255 255 -10.090900 -23.297199 -20.343500 1.00 00 0 0
255 255 255 255 1.69006002 -19.095800 -20.343500 1.00 00 0 0
255 255 255 255 15.5377998 -14.265400 -20.343500 1.00 00 0 0
255 000 000 255 -17.117500 21.2880001 34.3891983 1.20 00 0 0
255 000 000 255 -17.085800 34.1715012 34.3891983 1.20 00 0 0
255 000 000 255 -41.829102 34.1865005 34.3891983 1.20 00 0 0
255 000 000 255 -41.861599 21.2810001 34.3891983 1.20 00 0 0
255 027 000 255 17.2131996 24.7770004 45.9626999 1.20 02 0 0
255 027 000 255 17.2131996 24.7770004 43.4174004 1.20 00 0 0
255 027 000 255 17.2131996 24.7770004 41.2826004 1.20 00 0 0
255 027 000 255 17.2131996 24.7770004 38.7830009 1.20 00 0 0
%doontoon53
185 185 165 255 10.5997000 -5.6503901 -19.596100 1.00 00 0 0
185 185 165 255 24.7847996 -10.126800 -17.294201 1.00 00 0 0
185 185 165 255 32.9474983 -5.1004601 -17.294201 1.00 00 0 0
185 185 165 255 47.2401009 -5.1263399 -17.294201 1.00 00 0 0
185 185 165 255 58.2244987 1.89208996 -17.294201 1.00 00 0 0
185 185 165 255 47.2401009 10.5427999 -17.294201 1.00 00 0 0
185 185 165 255 32.9474983 10.5170002 -17.294201 1.00 00 0 0
185 185 165 255 24.7847996 15.5432997 -17.294201 1.00 00 0 0
185 185 165 255 8.34634018 15.5056000 -17.294201 1.00 00 0 0
185 185 165 255 19.6541004 -5.6503901 -19.596100 1.00 00 0 0
185 185 165 255 8.34634018 -10.089100 -17.294201 1.00 00 0 0
185 185 165 255 10.5997000 11.1295996 -19.596100 1.00 00 0 0
185 185 165 255 19.6541004 11.1295996 -19.596100 1.00 00 0 0
185 185 165 255 -20.067200 -11.702900 19.7893009 1.00 00 0 0
185 185 165 255 -26.081699 -4.7017798 25.5188007 1.00 00 0 0
185 185 165 255 -48.696201 -4.7017798 25.5188007 1.00 00 0 0
185 185 165 255 -48.696201 9.07715034 25.5188007 1.00 00 0 0
185 185 165 255 -26.081699 9.07715034 25.5188007 1.00 00 0 0
185 185 165 255 -20.067200 16.0781994 19.7893009 1.00 00 0 0
185 185 165 255 44.0997009 12.6907997 14.2716999 1.00 00 0 0
185 185 165 255 44.0997009 -7.9466600 14.2716999 1.00 00 0 0
%hogans_alley
129 129 111 255 19.2464008 30.7744999 5.73533010 1.20 00 0 0
129 129 111 255 20.0286999 30.3414001 5.73533010 1.20 00 0 0
129 129 111 255 -1.0858200 30.1252003 5.73533010 1.20 00 0 0
129 129 111 255 -0.5128170 30.9055004 5.73533010 1.20 00 0 0
129 129 111 255 -18.529699 30.7730999 3.14047003 1.20 00 0 0
129 129 111 255 -19.151899 30.1261997 3.14047003 1.20 00 0 0
129 129 111 255 -19.287800 -0.6525880 3.22227001 1.20 00 0 0
129 129 111 255 -18.680201 -1.3538800 3.22227001 1.20 00 0 0
129 129 111 255 19.0216999 -7.0214801 5.51763010 1.20 00 0 0
129 129 111 255 19.7224998 -6.3419199 5.51763010 1.20 00 0 0
255 255 221 255 -2.6101699 -54.094002 -2.6550901 1.00 00 0 0
255 255 221 255 -2.6101699 -46.690601 -2.6309600 1.00 00 0 0
255 255 221 255 0.83465600 -44.187401 -2.5991499 1.20 00 0 0
255 255 221 255 5.66223001 -38.058601 -2.5955801 1.00 00 0 0
255 255 221 255 0.79565400 -38.058601 -2.6535399 1.00 00 0 0
255 255 221 255 0.79565400 -32.080898 -2.6092899 1.00 00 0 0
181 255 255 255 5.66223001 -32.080898 -2.6177299 1.00 00 0 0
255 255 221 255 -24.380400 -30.634800 -2.7609899 1.00 00 0 0
255 255 221 255 -24.380400 -39.784199 -2.7609899 1.00 00 0 0
%doontoon_04_bit2
255 255 255 255 -13.015500 87.7372971 25.5830994 1.20 00 0 0
%newbuild02
255 255 163 255 11.2053003 20.5189991 -5.6273198 1.00 00 0 0
255 027 000 255 11.6155005 -27.752800 69.1661987 1.20 02 0 0
%dt_marscafe
099 061 034 255 0.91345203 1.29992998 -0.0421982 1.20 00 0 0
%doontoon58
255 000 000 255 13.0065002 21.9678001 32.8119011 1.20 02 0 0
%ammunation_dt
255 255 221 255 7.69775009 8.39575005 1.78732002 1.00 00 0 0
255 255 221 255 -4.4529400 8.39575005 1.81417000 1.00 00 0 0
%dt_nitelites2
000 034 056 255 0.00360107 49.4749985 -38.339100 1.20 00 0 0
%dt_stadiumland_a
255 000 000 255 -8.8254404 -2.5499301 88.2069016 1.20 02 0 0
%dt_stadiumland_b
255 000 000 255 -12.014900 2.78014994 88.2069016 1.20 02 0 0
%washbuild063
163 163 163 255 -4.6579800 -4.3692598 -0.6058740 1.20 00 0 0
163 163 163 255 4.58493996 -4.3692598 -0.6058740 1.20 00 0 0
163 163 163 255 -4.6579800 4.36608982 -0.6058740 1.20 00 0 0
163 163 163 255 4.58493996 4.36608982 -0.6058730 1.20 00 0 0
%washbuild184
163 163 163 255 4.56408978 -4.3787799 -0.6059580 1.20 00 0 0
163 163 163 255 -4.6788301 -4.3787799 -0.6059580 1.20 00 0 0
163 163 163 255 -4.6788301 4.35656977 -0.6059580 1.20 00 0 0
163 163 163 255 4.56408978 4.35656977 -0.6059580 1.20 00 0 0
%washbuild198
255 255 255 255 6.45086002 8.85900974 -2.0002401 0.70 00 0 0
255 255 255 255 -6.2398100 9.06406021 -4.3320198 0.70 00 0 0
255 255 255 255 -6.2398100 9.06406021 0.44987699 0.70 00 0 0
255 255 255 255 6.45086002 8.85900974 2.78165007 0.70 00 0 0
255 255 255 255 6.45086002 8.85900974 8.79839039 0.70 00 0 0
255 255 255 255 -6.2398100 9.06406021 8.79839039 0.70 00 0 0
%wash_hospital
255 238 170 255 29.2029991 9.56616020 -6.8020000 1.20 00 0 0
255 238 170 255 24.9801006 8.46875000 -6.7890100 1.20 00 0 0
%wshbuildws43ins
255 237 164 255 28.5762997 10.1380997 3.75504994 0.50 00 0 0
255 237 164 255 37.5719986 10.1380997 3.75504994 0.50 00 0 0
255 237 164 255 46.5026016 10.1380997 3.75504994 0.50 00 0 0
255 237 164 255 19.6501007 10.1380997 3.75504994 0.50 00 0 0
255 237 164 255 46.5026016 -10.140000 3.75503993 0.50 00 0 0
255 237 164 255 37.5719986 -10.140000 3.75503993 0.50 00 0 0
255 237 164 255 28.5762997 -10.140000 3.75503993 0.50 00 0 0
255 237 164 255 19.6501007 -10.140000 3.75503993 0.50 00 0 0
%wshbuildws09
181 169 121 255 9.38862038 37.0894012 -4.5633202 1.20 00 0 0
224 209 149 255 6.64994001 33.1750984 -4.5633202 0.80 00 0 0
%wshmalsign1
110 110 110 255 0.01472360 -0.4902480 2.31645012 1.20 00 0 0
%wshmalsign3
110 110 110 255 -0.1307100 -0.6427410 2.56389999 1.20 00 0 0
%wshmalsign2
110 110 110 255 0.11301300 -0.5962940 2.37233996 1.20 00 0 0
%wshmalsign4
110 110 110 255 0.00000078 -0.4868190 2.30205011 1.20 00 0 0
%wshmalsign5
110 110 110 255 0.00000121 -0.5948420 2.12631989 1.20 00 0 0
%wsh_roadblock
255 246 173 255 -4.5839500 0.46545401 -1.2350500 0.60 03 0 0
255 065 028 255 -4.3744702 -2.6957400 -1.2636800 0.60 03 0 0
255 246 173 255 -5.2492800 -2.7263801 1.63054001 0.60 03 0 0
255 065 028 255 -5.5152602 0.35345501 1.59554005 0.60 03 0 0
%wshbuildws43ins2
255 237 164 255 -3.0422599 10.1374998 3.75504994 0.50 00 0 0
255 237 164 255 -3.0422599 -10.140500 3.75503993 0.50 00 0 0
255 237 164 255 -11.968400 -10.140500 3.75503993 0.50 00 0 0
255 237 164 255 -20.964199 -10.140500 3.75503993 0.50 00 0 0
255 237 164 255 -29.894800 -10.140500 3.75503993 0.50 00 0 0
255 237 164 255 -29.894800 10.1374998 3.75504994 0.50 00 0 0
255 237 164 255 -20.964199 10.1374998 3.75504994 0.50 00 0 0
255 237 164 255 -11.968400 10.1374998 3.75504994 0.50 00 0 0
%wshbuildws03
163 152 121 255 -5.1360002 5.63953018 -0.3782770 1.20 00 0 0
163 152 121 255 -8.2186499 -14.570100 -0.3782770 1.20 00 0 0
163 152 121 255 7.63495016 -4.8074999 -0.3782770 1.20 00 0 0
163 152 121 255 8.58069038 17.4253006 -0.3782770 1.20 00 0 0
163 152 121 255 11.6603003 5.63953018 -0.3782770 1.20 00 0 0
163 152 121 255 8.57761002 -14.570100 -0.3782770 1.20 00 0 0
%wshbuildws06
163 163 163 255 40.8916016 -4.6469698 -6.0722499 1.20 00 0 0
163 163 163 255 40.8916016 -13.036100 -6.0722499 1.20 00 0 0
163 163 163 255 40.8916016 -21.978399 -6.0722499 1.20 00 0 0
%washbuild210
221 221 221 255 -22.215500 19.5874004 -2.1796000 0.80 00 0 0
221 221 221 255 -22.215500 5.61302996 -2.1796000 0.80 00 0 0
221 221 221 255 -22.215500 -18.384001 -2.1796000 0.80 00 0 0
221 221 221 255 6.70784998 -18.384001 -2.1796000 0.80 00 0 0
221 221 221 255 6.70784998 5.61302996 -2.1796000 0.80 00 0 0
221 221 221 255 6.70784998 19.5874004 -2.1796000 0.80 00 0 0
221 221 221 255 15.8775997 22.8092995 -4.3090901 0.80 00 0 0
221 221 221 255 -22.215500 5.61302996 4.58038998 0.80 00 0 0
221 221 221 255 6.70784998 19.5874004 4.58039999 0.80 00 0 0
221 221 221 255 6.70784998 5.61302996 4.58039999 0.80 00 0 0
221 221 221 255 -22.215500 19.5874004 4.58038998 0.80 00 0 0
221 221 221 255 6.70784998 -18.384001 4.58039999 0.80 00 0 0
221 221 221 255 15.8775997 22.8092995 1.47408998 0.80 00 0 0
221 221 221 255 -22.215500 -18.384001 4.58038998 0.80 00 0 0
221 221 221 255 15.8775997 22.8092995 7.22784996 0.80 00 0 0
%washbuild217
255 255 255 255 36.9471016 36.5101013 0.53073603 0.70 00 0 0
000 255 000 255 37.3824005 55.3939018 0.40404299 0.60 00 0 0
255 255 255 255 20.9370995 3.29993010 0.53073603 0.70 00 0 0
255 255 255 255 34.9608002 -39.614498 0.53073603 0.70 00 0 0
255 255 255 255 35.5519981 -15.576800 0.53073603 0.70 00 0 0
255 255 255 255 35.8742981 -1.5472300 0.53073603 0.70 00 0 0
255 255 255 255 36.3647003 12.3161001 0.53073603 0.70 00 0 0
255 255 255 255 20.8076000 -34.823002 0.53073603 0.70 00 0 0
255 255 255 255 20.9330006 17.2803993 0.53073603 0.70 00 0 0
255 255 255 255 20.9953003 -10.700000 0.53073603 0.70 00 0 0
255 255 255 255 20.5739002 -50.256599 0.53073603 0.70 00 0 0
000 255 000 255 21.9274998 55.4473000 0.40404299 0.60 00 0 0
255 255 255 255 21.7150993 41.3664017 0.53073603 0.70 00 0 0
255 255 255 255 6.11928988 -41.227600 0.53073603 0.70 00 0 0
255 255 255 255 37.2447014 50.2794991 0.53073603 0.70 00 0 0
255 255 255 255 5.90297985 -17.156500 0.53073603 0.70 00 0 0
255 255 255 255 6.09599018 -3.1981699 0.53073603 0.70 00 0 0
255 255 255 255 -10.761400 -9.9481802 0.53073603 0.70 00 0 0
255 255 255 255 -11.073900 4.12028980 0.53073603 0.70 00 0 0
255 255 255 255 6.02543020 10.9556999 0.53073603 0.70 00 0 0
255 255 255 255 -10.946700 18.0484009 0.53073603 0.70 00 0 0
%washundermall1
255 255 255 255 0.18900201 15.1760998 -0.6411250 1.00 00 0 0
255 255 255 255 0.13636400 8.18675995 -0.6411250 1.00 00 0 0
255 255 255 255 3.38565993 -10.383900 -0.6411250 1.00 00 0 0
255 255 255 255 -3.3669801 -10.386600 -0.6411250 1.00 00 0 0
%scarinterior1
137 133 119 255 -4.3041401 0.27960899 -0.2516120 0.40 00 0 0
137 133 119 255 -4.3041501 3.60316992 -0.2516120 0.40 00 0 0
242 229 175 255 -0.9738110 1.85871005 0.87726301 0.50 00 0 0
216 235 242 255 3.61140990 -0.5929070 1.43482995 0.30 00 0 0
152 165 170 255 3.61140990 -1.9351701 1.43482995 0.30 00 0 0
216 235 242 255 3.61141992 -3.1069901 1.43482995 0.30 00 0 0
%washpaynspray
255 255 255 255 -4.5993199 -7.8469200 0.04372600 0.80 00 0 0
255 255 255 255 -4.5993199 0.05310430 0.04372600 0.80 00 0 0
255 255 255 255 -4.5993099 7.79370022 0.04372600 0.80 00 0 0
%washelipad
201 000 000 255 -3.2338200 -7.8177500 1.30166996 0.50 00 0 0
201 000 000 255 3.23457003 -7.8189702 1.30166996 0.50 00 0 0
201 000 000 255 7.82528019 -3.2327900 1.30166996 0.50 00 0 0
201 000 000 255 -7.8253102 3.23278999 1.30166996 0.50 00 0 0
201 000 000 255 -3.2136700 7.84485006 1.30166996 0.50 00 0 0
201 000 000 255 -7.8238101 -3.2249801 1.30166996 0.50 00 0 0
201 000 000 255 3.22241998 7.83936024 1.30166996 0.50 00 0 0
201 000 000 255 7.82116985 3.25879002 1.30166996 0.50 00 0 0
%od_clevelander_nt
255 255 255 255 13.2391996 -2.4603000 -1.5101200 1.00 00 0 0
255 255 255 255 13.2530003 -0.6932620 -1.5101200 1.00 00 0 0
255 255 255 255 13.2667999 1.07377994 -1.5101200 1.00 00 0 0
255 255 255 255 13.2805996 2.84082007 -1.5101200 1.00 00 0 0
%oceanrda06_nt
155 119 021 255 3.97692990 41.4217987 5.65326023 1.00 00 0 0
%od_chariot
255 255 255 255 -21.317600 34.5435982 5.93172979 1.00 00 0 0
255 255 255 255 -23.043699 27.7264996 5.93172979 1.00 00 0 0
255 255 255 255 -24.397301 20.9095001 5.93172979 1.00 00 0 0
255 255 255 255 -25.351999 14.0923996 5.93172979 1.00 00 0 0
255 255 255 255 -25.916901 7.27531004 5.93172979 1.00 00 0 0
255 255 255 255 -26.099199 0.45824200 5.93172979 1.00 00 0 0
255 255 255 255 -25.968599 -6.3588300 5.93172979 1.00 00 0 0
255 255 255 255 -25.403799 -13.175900 5.93172979 1.00 00 0 0
255 255 255 255 -23.220200 -26.809999 5.93172979 1.00 00 0 0
255 255 255 255 -21.563200 -33.627102 5.93172979 1.00 00 0 0
255 255 255 255 -24.520399 -19.993000 5.93172979 1.00 00 0 0
%gf_clublight1_01
255 255 255 255 7.09362984 1.46948004 0.34710500 0.70 00 0 0
255 255 255 255 6.39019012 3.96648002 0.34710500 0.70 00 0 0
255 255 255 255 -7.1826100 -1.7329700 0.34710500 0.70 00 0 0
255 255 255 255 -6.0535598 -3.8975699 0.34710500 0.70 00 0 0
%gf_stadlight1_02
255 255 255 255 -1.1773800 -0.1847340 3.37024999 1.20 00 0 0
255 255 255 255 -25.106199 -30.784500 3.37024999 1.20 00 0 0
255 255 255 255 -83.487396 14.9282999 3.37024999 1.20 00 0 0
255 255 255 255 -59.484501 45.9334984 3.37024999 1.20 00 0 0
%nt_roadblockGF
255 065 028 255 -4.3883700 -2.6552000 -0.1046120 0.60 03 0 0
255 065 028 255 -6.0209298 0.25384501 2.64440989 0.60 03 0 0
255 246 173 255 -5.1131101 0.44079599 -0.1616230 0.60 03 0 0
255 246 173 255 -5.4610600 -2.6053300 2.71372008 0.60 03 0 0
%nbt_hotel05
255 255 255 255 -44.719501 25.7031994 4.11393976 1.20 00 0 0
255 255 255 255 -40.474499 32.4361992 4.11393976 1.20 00 0 0
255 255 255 255 -36.589699 37.6404991 4.11393976 1.20 00 0 0
255 255 255 255 -33.229900 42.7085991 4.11393976 1.20 00 0 0
255 255 255 255 -30.056499 47.1786995 4.11393976 1.20 00 0 0
255 255 255 255 -26.085899 51.8721008 4.11393976 1.20 00 0 0
255 255 255 255 -21.570601 57.1291008 4.11393976 1.20 00 0 0
%nubuilding1glass
196 000 000 255 8.29424953 -24.081800 5.32735014 1.20 02 0 0
196 000 000 255 -10.927100 -8.6000700 5.32735014 1.20 02 0 0
196 000 000 255 -10.927100 -24.039101 5.32735014 1.20 02 0 0
196 000 000 255 7.60906982 -8.6530504 5.32735014 1.20 02 0 0
%bnk_lightsmain
082 082 082 255 7.40906000 -6.5597200 1.27364004 1.00 00 0 0
082 082 082 255 -1.7346801 5.33896017 1.27364004 1.00 00 0 0
082 082 082 255 7.40906000 5.27691984 1.27364004 1.00 00 0 0
082 082 082 255 -1.7346801 -6.5597200 1.27364004 1.00 00 0 0
%bnk_recp_lites
082 082 082 255 -4.5105000 8.15631008 -0.1080890 0.40 00 0 0
082 082 082 255 -1.6198699 8.15631008 -0.1080890 0.40 00 0 0
082 082 082 255 1.61078000 8.15631008 -0.1080890 0.40 00 0 0
082 082 082 255 4.53516006 8.15631008 -0.1080890 0.40 00 0 0
082 082 082 255 4.53516006 6.16845989 -0.1080890 0.40 00 0 0
082 082 082 255 4.53516006 3.67168999 -0.1080890 0.40 00 0 0
082 082 082 255 4.53516006 1.34038997 -0.1080890 0.40 00 0 0
082 082 082 255 4.53516006 -1.1065100 -0.1080890 0.40 00 0 0
082 082 082 255 4.56964016 -3.6468201 -0.1080890 0.40 00 0 0
082 082 082 255 4.56964016 -5.9878201 -0.1080890 0.40 00 0 0
082 082 082 255 4.56964016 -8.1912804 -0.1080890 0.40 00 0 0
082 082 082 255 1.64880002 -8.1912804 -0.1080890 0.40 00 0 0
082 082 082 255 -1.6402000 -8.1912804 -0.1080890 0.40 00 0 0
082 082 082 255 -4.5105000 -8.1912804 -0.1080890 0.40 00 0 0
082 082 082 255 -4.5105000 -6.0099502 -0.1080890 0.40 00 0 0
082 082 082 255 -4.5105000 -3.6288500 -0.1080890 0.40 00 0 0
082 082 082 255 -4.5105000 -1.0758400 -0.1080890 0.40 00 0 0
082 082 082 255 -4.5105000 1.33993995 -0.1080890 0.40 00 0 0
082 082 082 255 -4.5105000 3.70264006 -0.1080890 0.40 00 0 0
082 082 082 255 -4.5105000 6.15286016 -0.1080890 0.40 00 0 0
%bnk_mngr_rf_lights
062 062 062 255 -0.6117550 -0.4488530 -0.0000496 0.60 00 0 0
072 072 072 255 2.59991002 -0.4488530 -0.0000496 0.60 00 0 0
069 069 069 255 5.48473978 -0.4488530 -0.0000496 0.60 00 0 0
075 075 075 255 5.48473978 -4.1569200 -0.0000496 0.60 00 0 0
060 060 060 255 -0.5129390 -4.1569200 -0.0000496 0.60 00 0 0
064 064 064 255 -0.5129390 -7.9346900 -0.0000496 0.60 00 0 0
072 072 072 255 2.54943991 -7.9346900 -0.0000496 0.60 00 0 0
075 075 075 255 5.53381014 -7.9346900 -0.0000496 0.60 00 0 0
076 068 035 255 1.57555997 -7.0812402 -2.3964801 0.60 00 0 0
%mlobjects_n
185 183 169 255 -0.9888000 -1.8363000 0.53474802 0.60 00 0 0
185 183 169 255 -2.0143399 1.20739996 0.53474802 0.60 00 0 0
185 183 169 255 1.17623997 1.78673995 0.53474802 0.60 00 0 0
185 183 169 255 2.24283004 -1.2265600 0.53474802 0.60 00 0 0
%malllights
185 183 169 255 -0.7825010 0.00415039 -0.1707230 0.60 00 0 0
185 183 169 255 -20.968599 -0.0559082 0.11465500 0.60 00 0 0
185 183 169 255 -20.895700 -12.059300 0.11410500 0.60 00 0 0
185 183 169 255 -10.919200 -12.030800 0.00012588 0.60 00 0 0
185 183 169 255 -10.880600 -0.0224609 0.00014114 0.60 00 0 0
185 183 169 255 -0.7823180 -11.977400 -0.1707500 0.60 00 0 0
185 183 169 255 -31.209900 -12.036300 0.31341901 0.60 00 0 0
185 183 169 255 -31.236900 -0.0582275 0.31355700 0.60 00 0 0
185 183 169 255 -43.439301 -0.0489502 0.43441799 0.60 00 0 0
185 183 169 255 -43.521000 -12.024900 0.43485299 0.60 00 0 0
%mallstrut
255 255 255 255 -31.976801 -0.1632080 -0.1210170 0.60 00 0 0
255 255 255 255 -24.960800 -0.1632080 -0.1210170 0.60 00 0 0
255 255 255 255 -17.125099 -0.0711670 -0.1210940 0.60 00 0 0
255 255 255 255 -9.5028400 -0.1632080 -0.1210170 0.60 00 0 0
255 255 255 255 -1.5054899 -0.1632080 -0.1210170 0.60 00 0 0
255 255 255 255 6.58398008 -0.0711670 -0.1210940 0.60 00 0 0
255 255 255 255 13.9500999 -0.1632080 -0.1210170 0.60 00 0 0
255 255 255 255 20.7700005 -0.1632080 -0.1210170 0.60 00 0 0
255 255 255 255 27.9211006 -0.1632080 -0.1210170 0.60 00 0 0
255 255 255 255 35.2977982 -0.0711670 -0.1210940 0.60 00 0 0
%yt_main_body2
018 077 028 255 0.82510400 -3.5798299 9.65795040 0.80 00 0 0
077 018 018 255 -0.8397830 -3.5798299 9.65795040 0.80 00 0 0
%big_poly_tings
037 037 037 255 2.62969995 -3.0030501 5.56339979 0.30 00 0 0
037 037 037 255 1.50734997 -3.0030501 5.56339979 0.30 00 0 0
037 037 037 255 0.45266700 -3.0030501 5.56339979 0.30 00 0 0
037 037 037 255 -0.5344240 -3.0030501 5.56339979 0.30 00 0 0
037 037 037 255 -1.5739100 -3.0030501 5.56339979 0.30 00 0 0
037 037 037 255 -2.6657701 -3.0030501 5.56339979 0.30 00 0 0
037 037 037 255 -2.6657701 -2.0384500 5.56339979 0.30 00 0 0
037 037 037 255 2.62969995 -2.0384500 5.56339979 0.30 00 0 0
037 037 037 255 -2.6657701 -0.9818120 5.56339979 0.30 00 0 0
037 037 037 255 2.62969995 -0.9818120 5.56339979 0.30 00 0 0
037 037 037 255 -2.6657701 0.21997100 5.56339979 0.30 00 0 0
037 037 037 255 2.62969995 0.21997100 5.56339979 0.30 00 0 0
037 037 037 255 -2.6657701 1.24695003 5.56339979 0.30 00 0 0
037 037 037 255 2.62969995 1.24695003 5.56339979 0.30 00 0 0
037 037 037 255 -2.6657701 2.32580996 5.56339979 0.30 00 0 0
037 037 037 255 2.62969995 2.32580996 5.56339979 0.30 00 0 0
%ci_dstudlights
255 255 238 255 6.41088009 -4.4901500 -0.3347110 1.00 00 0 0
255 255 238 255 -0.3047110 4.84282017 -0.3347110 1.00 00 0 0
255 255 238 255 -1.6215000 2.62859988 1.09080994 1.00 00 0 0
255 255 238 255 -4.3096800 -1.3275300 1.09080994 1.00 00 0 0
255 255 238 255 -9.2691603 -10.291400 -0.3347110 1.00 00 0 0
255 255 238 255 -7.3687301 -1.1293100 -2.4173501 1.00 00 0 0
255 255 238 255 4.14341021 -12.367600 -2.4173501 1.00 00 0 0
%ci_alights1_01
255 255 238 255 -0.6244960 -0.0256530 1.53220999 1.00 00 0 0
%ci_astudlights
255 255 238 255 -0.3938980 6.47101021 -0.1219610 1.00 00 0 0
255 255 238 255 -0.3938980 -1.9977400 -0.1219610 1.00 00 0 0
255 255 238 255 -0.4955830 -6.6518602 -0.1219610 1.00 00 0 0
%nt_ladder_02
255 255 238 255 -5.3838000 -2.1178000 -1.9321800 1.00 00 0 0
255 255 238 255 -5.2166600 -11.489500 0.91549999 1.00 00 0 0
%ci_blights1_01
255 255 238 255 -0.8936050 -0.0645876 1.49950004 1.00 00 0 0
%ci_bstudlights
255 255 238 255 0.86514997 -16.096600 -0.3210510 1.00 00 0 0
255 255 238 255 -3.4847701 -14.751000 -0.3210510 1.00 00 0 0
%cl_recessedlights1
094 050 050 255 -2.7681201 16.3967991 -0.4370100 0.50 00 0 0
089 084 089 255 -2.8068600 14.3955002 -0.4370110 0.50 00 0 0
089 084 089 255 0.47171101 14.3955002 -0.4370110 0.50 00 0 0
094 050 050 255 0.51044899 16.3967991 -0.4370100 0.50 00 0 0
089 084 089 255 3.84449005 14.3955002 -0.4370110 0.50 00 0 0
094 050 050 255 3.88322997 16.3967991 -0.4370100 0.50 00 0 0
231 207 232 255 -6.3873100 -10.796400 -0.6699670 0.50 00 0 0
231 207 232 255 9.81163025 -9.4305201 -0.6699670 0.50 00 0 0
%cl_spots
199 000 000 255 -6.5230398 -1.5772300 -0.0166197 1.00 02 0 0
025 131 000 255 -0.4294050 5.07193995 0.23813801 1.00 02 0 0
000 066 128 255 -1.5474700 5.52368021 -0.0166197 1.00 02 0 0
144 000 000 255 -2.6645200 5.97498989 0.20313700 1.00 02 0 0
000 043 121 255 -4.6297402 6.76898003 -0.0166197 1.00 02 0 0
111 000 000 255 -5.3218899 5.05587006 -0.0166197 1.00 02 0 0
000 134 016 255 -6.5742102 3.54326010 -0.0166197 1.00 02 0 0
134 000 000 255 -7.3737998 0.70851701 -0.0166197 1.00 02 0 0
000 093 198 255 -7.6185999 -0.6755020 0.14049700 1.00 02 0 0
225 000 000 255 1.91647995 4.12413979 -0.0818367 1.00 02 0 0
117 000 000 255 -4.1713099 -2.3606601 0.16772300 1.00 02 0 0
000 054 190 255 -3.0030501 -2.9197900 -0.0166197 1.00 02 0 0
048 170 000 255 -1.2959100 -4.1300402 -0.0166197 1.00 02 0 0
000 061 117 255 -0.1065370 -4.0156202 0.08065410 1.00 02 0 0
000 063 121 255 1.04440999 -1.3685100 0.15825900 1.00 02 0 0
000 121 043 255 1.33541000 -0.6483020 -0.0166197 1.00 02 0 0
000 051 114 255 2.16862011 0.81010401 -0.0166197 1.00 02 0 0
012 104 000 255 2.94607997 3.06086993 0.16361400 1.00 02 0 0
000 121 043 255 -9.6438704 -0.9823150 -1.8823000 1.00 02 0 0
121 000 000 255 -9.6438704 -0.9823150 -2.5070000 1.00 02 0 0
000 083 121 255 -9.6438704 -0.9823150 -3.2176199 1.00 02 0 0
000 134 196 255 -6.0944800 7.91843987 -3.2176199 1.00 02 0 0
121 000 000 255 -6.0944800 7.91843987 -2.5070000 1.00 02 0 0
000 121 043 255 -6.0944800 7.91843987 -1.8823000 1.00 02 0 0
%cl_of_opac
059 059 059 255 -6.0891199 0.45460299 1.20563996 0.30 00 0 0
059 059 059 255 -4.4730501 0.45461100 1.20563996 0.30 00 0 0
059 059 059 255 -2.8493500 0.45460299 1.20563996 0.30 00 0 0
059 059 059 255 -2.8493600 -1.3955200 1.20563996 0.30 00 0 0
059 059 059 255 -2.8493600 -3.2184000 1.20563996 0.30 00 0 0
059 059 059 255 -4.4837699 -3.2184000 1.20563996 0.30 00 0 0
059 059 059 255 -6.1145000 -3.2183900 1.20563996 0.30 00 0 0
059 059 059 255 -6.1145000 -1.3994401 1.20563996 0.30 00 0 0
059 059 059 255 -0.6960840 -2.9794600 0.60683101 0.30 00 0 0
059 059 059 255 -0.6960930 2.32832003 0.60683101 0.30 00 0 0
059 059 059 255 -8.3740396 2.01393008 0.60683101 0.30 00 0 0
059 059 059 255 -8.3740501 -3.7000699 0.60683101 0.30 00 0 0
%cl_tblesetsml
105 102 099 255 0.01980590 0.03913880 0.09951500 0.40 00 0 0
%mob_detailsb
060 060 060 255 0.19798300 1.39708996 1.05474997 0.30 00 0 0
%ht_fans_nt
080 062 030 255 -7.1083398 2.41089010 1.73408997 1.00 00 0 0
080 062 030 255 -8.1816301 -1.9013700 1.73408997 1.00 00 0 0
080 062 030 255 -9.5665598 -7.7372999 1.73408997 1.00 00 0 0
080 062 030 255 4.89046001 -10.020100 1.73408997 1.00 00 0 0
080 062 030 255 6.09804010 -5.2091098 1.73408997 1.00 00 0 0
080 062 030 255 7.06098986 -1.2038600 1.73408997 1.00 00 0 0
080 062 030 255 8.34315014 3.66626000 1.73408997 1.00 00 0 0
080 062 030 255 9.72819996 9.60741997 1.73408997 1.00 00 0 0
080 062 030 255 1.62254000 12.0649004 1.73408997 1.00 00 0 0
080 062 030 255 -5.0490699 11.2170000 1.73408997 1.00 00 0 0
080 062 030 255 -6.1519198 6.72058010 1.73408997 1.00 00 0 0
030 048 080 255 1.27704000 4.75194979 2.02389002 1.00 00 0 0
080 030 030 255 2.98268008 4.43518019 2.02389002 1.00 00 0 0
030 053 080 255 4.61693001 4.04932022 2.02389002 1.00 00 0 0
038 080 030 255 6.17986012 3.66393995 2.02389002 1.00 00 0 0
030 080 030 255 -0.2187040 5.19080019 2.02389002 1.00 00 0 0
%lw_room_main
208 200 178 255 -2.5219500 2.55760002 2.06855011 0.30 00 0 0
208 200 178 255 2.09849000 -0.5479360 2.06855011 0.30 00 0 0
208 200 178 255 2.10084009 2.05608010 2.06855011 0.30 00 0 0
%lw_roombitsb
208 200 178 255 -2.2264299 -3.0254099 1.39207995 0.30 00 0 0
%stripinter
018 253 029 255 0.01272580 2.80798006 1.97449994 1.00 00 0 0
018 253 029 255 -3.5599999 2.55333996 1.97449994 1.00 00 0 0
018 253 029 255 -0.9633100 4.40160990 1.97449994 1.00 00 0 0
255 018 018 255 -4.0942798 9.88611031 1.97449994 1.00 00 0 0
018 128 252 255 0.72874498 0.99743700 1.97449994 1.00 00 0 0
255 018 018 255 -2.1962700 0.25720200 1.97449994 1.00 00 0 0
018 128 252 255 -9.0448503 -4.1632099 1.97449994 1.00 00 0 0
018 253 029 255 -9.7543602 -2.9996300 1.97449994 1.00 00 0 0
255 018 018 255 -12.112300 1.27258003 1.97449994 1.00 00 0 0
018 128 252 255 3.56255007 13.3794003 1.97449994 1.00 00 0 0
018 253 029 255 4.32732010 12.0284004 1.97449994 1.00 00 0 0
018 128 252 255 6.05945015 9.04150009 1.97449994 1.00 00 0 0
018 253 029 255 7.79811001 6.09569979 1.97449994 1.00 00 0 0
255 018 018 255 8.57209969 5.07079983 1.97449994 1.00 00 0 0
018 128 252 255 -0.6159740 -2.5793500 1.97449994 1.00 00 0 0
000 122 140 255 4.59769011 12.4735003 0.22031800 1.20 02 0 0
140 000 000 255 6.46533012 9.23865032 0.22031800 1.20 02 0 0
000 122 140 255 8.31488991 6.03502989 0.22031800 1.20 02 0 0
255 018 018 255 -6.4527102 8.39990044 1.97449994 1.00 02 0 0
018 128 252 255 -5.8090000 7.56737995 1.79817998 1.00 00 0 0
018 253 029 255 -5.3524899 6.76416016 1.79817998 1.00 02 0 0
255 018 018 255 -4.3899202 4.97289991 1.97449994 1.00 00 0 0
018 128 252 255 -3.7221100 3.87122011 1.97449994 1.00 00 0 0
018 128 252 255 -1.8407600 4.96862984 1.97449994 1.00 02 0 0
255 018 018 255 -2.4371700 6.20739985 1.78430998 1.00 02 0 0
018 253 029 255 -2.9199901 7.00146008 1.72757006 1.00 00 0 0
018 128 252 255 -4.2403498 9.04358006 1.80761003 1.00 02 0 0
%stripinterupside
095 095 095 255 11.1323996 -7.9733901 5.93658018 1.20 00 0 0
095 095 095 255 11.5621004 -8.7520800 5.93658018 1.20 00 0 0
095 095 095 255 11.9918003 -9.5040302 5.93658018 1.20 00 0 0
095 095 095 255 9.12339020 -4.5621300 5.93658018 1.20 00 0 0
095 095 095 255 8.69367027 -3.8101799 5.93658018 1.20 00 0 0
095 095 095 255 8.26393986 -3.0314901 5.93658018 1.20 00 0 0
%stripback
000 212 000 255 3.92177010 -6.8176298 0.80884200 1.00 00 0 0
255 018 018 255 -1.7344700 -6.7556200 0.49446300 1.00 00 0 0
255 018 018 255 -6.6016598 1.67394996 0.49446300 1.00 00 0 0
000 212 000 255 -3.7846000 6.53038979 0.80884200 1.00 00 0 0
095 095 095 255 -1.9200900 3.33557010 1.47312999 1.20 00 0 0
255 018 018 255 1.98409998 6.64428997 1.24519002 1.00 00 0 0
095 095 095 255 -1.4903600 2.55688000 1.47312999 1.20 00 0 0
095 095 095 255 -1.0606300 1.80492997 1.47312999 1.20 00 0 0
095 095 095 255 1.37808001 -2.3850100 1.47312999 1.20 00 0 0
095 095 095 255 1.80780995 -3.1369600 1.47312999 1.20 00 0 0
095 095 095 255 0.94834900 -1.6063200 1.47312999 1.20 00 0 0
%air_brway_030
255 255 255 255 139.699005 -15.942100 0.82054102 1.00 00 0 0
255 255 255 255 59.6990013 -15.942100 0.42682600 1.00 00 0 0
255 000 000 255 59.2293015 -1.1210700 -0.1584190 1.00 00 0 0
255 000 000 255 -173.25000 -0.7763950 -0.1228280 1.00 00 0 0
255 255 255 255 -173.25000 14.9888000 0.46241799 1.00 00 0 0
255 255 255 255 -173.25000 -16.712999 0.46241799 1.00 00 0 0
255 255 255 255 -20.300900 -15.942200 0.44132200 1.00 00 0 0
255 255 255 255 59.6988983 15.7596998 0.42682600 1.00 00 0 0
255 255 255 255 -20.301100 15.7595997 0.44132200 1.00 00 0 0
255 255 255 255 139.699005 15.7596998 0.82054102 1.00 00 0 0
255 000 000 255 159.145004 -1.0311199 0.28424200 1.00 00 0 0
%air_brway_31
255 255 255 255 -180.30099 15.7595997 0.46241799 1.00 00 0 0
255 255 255 255 -180.30099 -15.942100 0.46241799 1.00 00 0 0
255 000 000 255 -167.02299 0.13211299 -0.1228280 1.00 00 0 0
255 255 255 255 -100.30100 15.7595997 0.44236800 1.00 00 0 0
255 255 255 255 -100.30100 -15.942200 0.44236800 1.00 00 0 0
255 000 000 255 -93.357903 0.33158401 -0.1428780 1.00 00 0 0
255 255 255 255 -20.301001 15.7595997 0.44132200 1.00 00 0 0
255 255 255 255 -20.300900 -15.942200 0.44132200 1.00 00 0 0
255 000 000 255 -20.324699 -0.0227618 -0.1439230 1.00 00 0 0
255 255 255 255 59.6990013 15.7596998 0.42682600 1.00 00 0 0
255 255 255 255 59.6991005 -15.942100 0.42682600 1.00 00 0 0
255 000 000 255 53.6683006 0.52107799 -0.1584190 1.00 00 0 0
255 255 255 255 99.6989975 15.7596998 0.60981899 1.00 00 0 0
255 255 255 255 99.6990967 -15.942100 0.60981899 1.00 00 0 0
255 000 000 255 89.5567017 0.73122001 0.02457430 1.00 00 0 0
%air_brway_32
255 255 255 255 -180.30099 15.7595997 0.46241799 1.00 00 0 0
255 255 255 255 -180.30099 -15.942200 0.46241799 1.00 00 0 0
255 000 000 255 -180.30099 -0.0056525 -0.1228280 1.00 00 0 0
255 255 255 255 -140.30099 15.7595997 0.43721399 1.00 00 0 0
255 255 255 255 -140.30099 -15.942200 0.43721399 1.00 00 0 0
255 000 000 255 -129.43800 -0.0056525 -0.1480310 1.00 00 0 0
255 255 255 255 -60.300999 15.7595997 0.44199601 1.00 00 0 0
255 255 255 255 -60.300900 -15.942200 0.44199601 1.00 00 0 0
255 255 255 255 19.6989994 15.7595997 0.42251399 1.00 00 0 0
255 255 255 255 19.6991997 -15.942200 0.42251399 1.00 00 0 0
255 000 000 255 23.3785000 -0.0056525 -0.1627310 1.00 00 0 0
255 255 255 255 59.6990013 15.7595997 0.42682600 1.00 00 0 0
255 255 255 255 59.6991997 -15.942200 0.42682600 1.00 00 0 0
255 000 000 255 67.3995972 -0.0056525 -0.1584190 1.00 00 0 0
255 255 255 255 99.9522018 -15.806100 0.60981899 1.00 00 0 0
255 000 000 255 104.292999 -0.0343390 0.02457430 1.00 00 0 0
255 255 255 255 139.699005 15.7595997 0.82054102 1.00 00 0 0
255 255 255 255 144.087997 -15.942200 0.82054102 1.00 00 0 0
255 000 000 255 149.266998 -0.0056525 0.23529600 1.00 00 0 0
255 255 255 255 179.699005 15.7595997 0.85189998 1.00 00 0 0
255 255 255 255 179.699005 -15.942200 0.84428197 1.00 00 0 0
255 000 000 255 189.324997 -0.0056525 0.28424200 1.00 00 0 0
%air_brway_33
255 255 255 255 -140.33800 15.7806997 0.58942002 1.00 00 0 0
255 255 255 255 -140.33800 -15.921100 0.58942002 1.00 00 0 0
255 000 000 255 -125.34800 0.99947399 0.00417519 1.00 00 0 0
255 255 255 255 -60.338200 15.7806997 0.59420198 1.00 00 0 0
255 255 255 255 -60.338001 -15.921100 0.59420198 1.00 00 0 0
255 000 000 255 -43.100899 0.99947399 0.00895691 1.00 00 0 0
255 255 255 255 19.6618004 15.7806997 0.57472003 1.00 00 0 0
255 255 255 255 19.6620007 -15.921100 0.57472003 1.00 00 0 0
255 000 000 255 41.6705017 0.99947399 -0.0105247 1.00 00 0 0
255 255 255 255 99.6619034 15.7806997 0.76202601 1.00 00 0 0
255 255 255 255 99.6620026 -15.921100 0.76202601 1.00 00 0 0
255 000 000 255 126.638000 0.99947399 0.17678100 1.00 00 0 0
%air_brway_34
255 255 255 255 -140.30099 15.7595997 0.43721399 1.00 00 0 0
255 255 255 255 -140.30099 -15.942200 0.43721399 1.00 00 0 0
255 000 000 255 -118.00000 -0.0056525 -0.1480310 1.00 00 0 0
255 255 255 255 -60.300999 15.7595997 0.44199601 1.00 00 0 0
255 255 255 255 -60.300900 -15.942200 0.44199601 1.00 00 0 0
255 000 000 255 -41.941299 -0.0056525 -0.1432500 1.00 00 0 0
255 255 255 255 19.6989994 15.7595997 0.42251399 1.00 00 0 0
255 255 255 255 19.6991005 -15.942200 0.42251399 1.00 00 0 0
255 000 000 255 32.0493011 -0.0056525 -0.1627310 1.00 00 0 0
255 255 255 255 99.6989975 15.7595997 0.60981899 1.00 00 0 0
255 255 255 255 99.6990967 -15.942200 0.60981899 1.00 00 0 0
255 000 000 255 99.6990967 -0.0056525 0.02457430 1.00 00 0 0
%ap_roadsect2a
255 255 255 255 -1.5289299 0.10101300 13.8858004 1.00 00 0 0
255 255 255 255 1.52892995 0.10101300 13.8858004 1.00 00 0 0
%mc_hangarint1
255 255 255 255 -11.344200 8.58664989 0.84825301 1.00 00 0 0
255 255 255 255 11.5033998 8.58664989 0.84825301 1.00 00 0 0
255 255 255 255 -11.344200 -8.0166903 0.84825301 1.00 00 0 0
255 255 255 255 11.5033998 -8.0166903 0.84825301 1.00 00 0 0
%concerth06
255 000 000 255 -0.6115110 -1.6749300 -0.7428000 1.00 02 0 0
255 000 000 255 0.67279100 -1.6749300 -0.7469410 1.00 02 0 0
%concerth09
255 000 000 255 5.46270990 4.00731993 -1.0971500 1.00 02 0 0
255 000 000 255 -2.8474100 8.18811035 -1.9073000 1.00 02 0 0
030 255 000 255 0.23089600 8.21251965 -2.0173900 1.00 00 0 0
000 066 255 255 2.02642989 8.17090034 -2.0173900 1.00 02 0 0
000 066 255 255 2.98895001 8.16895008 -2.0173900 1.00 00 0 0
030 255 000 255 4.28162003 8.16724014 -2.0173900 1.00 00 0 0
255 000 000 255 7.51385021 8.12633991 -1.8596300 1.00 02 0 0
255 000 000 255 10.3366003 6.68676996 -1.8477800 1.00 00 0 0
030 255 000 255 6.13720989 6.67395020 -1.6221499 1.00 02 0 0
255 000 000 255 2.20568991 6.71387005 -1.5353200 1.00 02 0 0
030 255 000 255 -0.7886350 6.76697016 -1.6308800 1.00 02 0 0
255 000 000 255 -5.3537598 6.67395020 -1.5353200 1.00 00 0 0
030 255 000 255 -5.5999799 4.08727980 -1.0971500 1.00 00 0 0
030 255 000 255 -3.6425200 4.69678020 -1.0971500 1.00 02 0 0
000 066 255 255 -1.8715800 4.09167004 -1.2678100 1.00 00 0 0
255 000 000 255 -0.4850460 3.94910002 -1.0971500 1.00 02 0 0
030 255 000 255 1.74468994 4.82262993 -1.0971500 1.00 00 0 0
030 255 000 255 3.38018990 4.77124023 -1.0971500 1.00 00 0 0
000 066 255 255 6.75293016 4.04858017 -1.3071600 1.00 00 0 0
030 255 000 255 8.49322987 4.61743021 -1.0971500 1.00 02 0 0
030 255 000 255 10.5240002 4.11633015 -1.0971500 1.00 00 0 0
000 066 255 255 11.4330997 1.83275998 -0.7606070 1.00 00 0 0
255 000 000 255 6.48297024 1.88744998 -0.7606070 1.00 00 0 0
030 255 000 255 2.95929003 1.55908000 -0.9787710 1.00 00 0 0
255 000 000 255 -1.4480600 1.95667005 -0.7606070 1.00 00 0 0
030 255 000 255 -3.7138100 0.44067401 -0.2956980 1.00 02 0 0
000 066 255 255 0.15808100 -0.3214110 -0.4610200 1.00 00 0 0
255 000 000 255 2.42974997 0.42150900 -0.3952600 1.00 02 0 0
000 066 255 255 4.58697987 -0.2863770 -0.4442010 1.00 00 0 0
030 255 000 255 8.51476955 0.48022500 -0.2410050 1.00 02 0 0
255 000 000 255 11.5369997 -0.2573240 -0.3697910 1.00 00 0 0
255 000 000 255 -6.4534302 -0.1660160 -0.2956980 1.00 00 0 0
255 000 000 255 2.27501988 2.86816001 -0.9597660 1.00 02 0 0
000 066 255 255 -6.4642301 1.86059999 -0.7606070 1.00 00 0 0
030 255 000 255 2.90521002 5.34351015 -1.3511200 1.00 02 0 0
%concerth27
255 255 255 255 3.84917998 -35.253700 7.72321987 1.20 00 0 0
255 255 255 255 -3.6824300 -35.253700 7.72321987 1.20 00 0 0
255 255 255 255 14.7017002 -31.321301 7.72321987 1.20 00 0 0
255 255 255 255 -15.706200 -31.321301 7.72321987 1.20 00 0 0
255 255 255 255 -15.497600 -19.182699 12.6758003 1.20 00 0 0
255 255 255 255 14.7017002 -19.182699 12.6758003 1.20 00 0 0
251 251 251 255 3.22954988 3.16027999 2.07175994 1.20 02 0 0
251 251 251 255 2.33825994 3.16027999 2.07175994 1.20 02 0 0
251 251 251 255 1.45905006 3.16027999 2.07175994 1.20 02 0 0
251 251 251 255 0.51721197 3.16027999 2.07175994 1.20 02 0 0
251 251 251 255 -0.4422000 3.16027999 2.07175994 1.20 02 0 0
251 251 251 255 -1.3335000 3.16027999 2.07175994 1.20 02 0 0
251 251 251 255 -2.2127099 3.16027999 2.07175994 1.20 02 0 0
251 251 251 255 -3.1544800 3.16027999 2.07175994 1.20 02 0 0
%man_chandeliers
076 068 035 255 -17.586901 4.25116014 0.93054402 1.00 00 0 0
076 068 035 255 -15.738900 13.3053999 0.93054402 1.00 00 0 0
076 068 035 255 -4.0408301 13.3053999 0.93054402 1.00 00 0 0
076 068 035 255 4.11956978 13.3053999 0.93054402 1.00 00 0 0
076 068 035 255 15.7096004 13.3053999 0.93054402 1.00 00 0 0
076 068 035 255 17.5109005 5.21190977 0.93054402 1.00 00 0 0
076 068 035 255 17.5109005 -5.9077101 -0.6744270 1.00 00 0 0
076 068 035 255 14.4300003 -13.315800 -0.6744270 1.00 00 0 0
076 068 035 255 -13.958100 -13.315800 -0.6744270 1.00 00 0 0
076 068 035 255 -17.253599 -5.9767499 -0.6744270 1.00 00 0 0
076 068 035 255 -17.586901 0.09869380 -6.4081602 1.00 00 0 0
076 068 035 255 -17.586901 -5.8775001 -6.4081602 1.00 00 0 0
076 068 035 255 -14.192300 -13.681800 -6.4081602 1.00 00 0 0
076 068 035 255 -6.1715102 -13.681800 -6.4081602 1.00 00 0 0
076 068 035 255 13.8164997 -13.681800 -6.4081602 1.00 00 0 0
076 068 035 255 17.1700001 6.22803020 -6.4081602 1.00 00 0 0
076 068 035 255 9.88477039 13.5186005 -6.4081602 1.00 00 0 0
076 068 035 255 -9.9871798 13.5186005 -6.4081602 1.00 00 0 0
076 068 035 255 -17.602400 10.7242002 -6.4081602 1.00 00 0 0
%man_xchandeliers
105 098 091 255 7.18365002 0.55078101 0.58374798 1.00 00 0 0
105 098 091 255 7.18365002 -4.7435899 0.58374798 1.00 00 0 0
105 098 091 255 2.35317993 -5.9927402 0.58374798 1.00 00 0 0
105 098 091 255 -2.2620201 -5.9927402 0.58374798 1.00 00 0 0
105 098 091 255 -7.3181200 -4.7188101 0.58374798 1.00 00 0 0
105 098 091 255 -7.3181200 0.53607202 0.58374798 1.00 00 0 0
105 098 091 255 1.02478004 -0.2144170 -0.8943230 1.20 00 0 0
105 098 091 255 -0.7545170 -0.2144170 -0.8943230 1.20 00 0 0
%additional_coronas
255 000 255 255 -682.82100 -919.10200 12.5548000 0.70 00 1 0
255 000 255 255 -662.82100 -920.20200 13.7548000 0.70 00 1 0
255 000 255 255 -642.82100 -920.80200 15.2548000 0.70 00 1 0
255 000 255 255 -622.82100 -921.00200 16.8548000 0.70 00 1 0
255 000 255 255 -682.82100 -939.70200 12.5548000 0.70 00 1 0
255 000 255 255 -662.82100 -940.60200 13.7548000 0.70 00 1 0
255 000 255 255 -642.82100 -941.20200 15.2548000 0.70 00 1 0
255 000 255 255 -622.82100 -941.40200 16.8548000 0.70 00 1 0
255 000 255 255 -602.82100 -921.10200 18.2548000 0.70 00 1 0
255 000 255 255 -602.82100 -941.50200 18.2548000 0.70 00 1 0
255 000 255 255 -582.82100 -921.20200 19.7548000 0.70 00 1 0
255 000 255 255 -582.82100 -941.60200 19.7548000 0.70 00 1 0
255 000 255 255 -562.82100 -921.20200 21.5548000 0.70 00 1 0
255 000 255 255 -562.82100 -941.60200 21.5548000 0.70 00 1 0
255 000 255 255 -542.82100 -921.20200 22.6548000 0.70 00 1 0
255 000 255 255 -542.82100 -941.60200 22.6548000 0.70 00 1 0
255 000 255 255 -522.82100 -921.20200 23.3548000 0.70 00 1 0
255 000 255 255 -522.82100 -941.60200 23.3548000 0.70 00 1 0
255 000 255 255 -502.82100 -941.60200 24.1548000 0.70 00 1 0
255 000 255 255 -502.82100 -921.20200 24.1548000 0.70 00 1 0
255 000 255 255 -482.82100 -921.60200 24.4548000 0.70 00 1 0
255 000 255 255 -482.82100 -942.00200 24.4548000 0.70 00 1 0
255 000 255 255 -462.82100 -922.10200 24.4548000 0.70 00 1 0
255 000 255 255 -462.82100 -942.50200 24.4548000 0.70 00 1 0
255 000 255 255 -442.82100 -922.40200 23.9548000 0.70 00 1 0
255 000 255 255 -442.82100 -942.80200 23.9548000 0.70 00 1 0
255 000 255 255 -422.82100 -922.70200 23.3548000 0.70 00 1 0
255 000 255 255 -422.82100 -943.10200 23.3548000 0.70 00 1 0
255 000 255 255 -402.82100 -943.50200 22.4548000 0.70 00 1 0
255 000 255 255 -402.82100 -923.10200 22.4548000 0.70 00 1 0
255 000 255 255 -382.82100 -944.00200 21.1548000 0.70 00 1 0
255 000 255 255 -382.82100 -923.60200 21.1548000 0.70 00 1 0
255 000 255 255 -362.82100 -944.70200 19.5548000 0.70 00 1 0
255 000 255 255 -362.82100 -924.30200 19.5548000 0.70 00 1 0
255 000 255 255 -342.82100 -945.20200 18.2548000 0.70 00 1 0
255 000 255 255 -342.82100 -924.80200 18.2548000 0.70 00 1 0
255 000 255 255 -322.82100 -925.90200 17.0548000 0.70 00 1 0
255 000 255 255 -322.82100 -946.40200 17.0548000 0.70 00 1 0
255 000 255 255 -302.82100 -927.00200 15.9548000 0.70 00 1 0
255 000 255 255 -302.82100 -947.50200 15.9548000 0.70 00 1 0
255 000 255 255 -282.82100 -948.30200 15.2548000 0.70 00 1 0
255 000 255 255 -282.82100 -927.90200 15.2548000 0.70 00 1 0
#place you coronas here
